# Oscilloscope file ./2K-res-100uA-U.bin
# Channel 2
Time / s;Voltage / V
0;0.016
0.25;0
0.5;0.008
0.75;0.016
1;0.016
1.25;0
1.5;0.008
1.75;0.016
2;0.016
2.25;0
2.5;0.016
2.75;0.008
3;0.016
3.25;0
3.5;0.016
3.75;0.008
4;0.016
4.25;0
4.5;0.016
4.75;0.008
5;0.016
5.25;0
5.5;0.008
5.75;0.008
6;0.016
6.25;0
6.5;0.016
6.75;0.008
7;0.016
7.25;0
7.5;0.008
7.75;0.008
8;0.016
8.25;0
8.5;0.016
8.75;0.008
9;0.016
9.25;0
9.5;0.008
9.75;0.016
10;0.016
10.25;0
10.5;0.016
10.75;0.016
11;0.016
11.25;0
11.5;0.008
11.75;0.008
12;0.016
12.25;0
12.5;0.016
12.75;0.008
13;0.016
13.25;0
13.5;0.008
13.75;0.008
14;0.016
14.25;0
14.5;0.008
14.75;0.008
15;0.016
15.25;0
15.5;0.008
15.75;0.008
16;0.016
16.25;0
16.5;0.008
16.75;0.008
17;0.016
17.25;0
17.5;0.008
17.75;0.008
18;0.016
18.25;0
18.5;0.008
18.75;0.016
19;0.016
19.25;0
19.5;0.016
19.75;0.008
20;0.016
20.25;0
20.5;0.008
20.75;0.016
21;0.024
21.25;0
21.5;0.008
21.75;0.016
22;0.016
22.25;0
22.5;0.008
22.75;0.008
23;0.016
23.25;0
23.5;0.008
23.75;0.008
24;0.016
24.25;0
24.5;0.008
24.75;0.016
25;0.016
25.25;0
25.5;0.016
25.75;0.008
26;0.024
26.25;0
26.5;0.008
26.75;0.008
27;0.024
27.25;0
27.5;0.016
27.75;0.008
28;0.016
28.25;0
28.5;0.016
28.75;0.016
29;0.016
29.25;0
29.5;0.008
29.75;0.008
30;0.016
30.25;0
30.5;0.008
30.75;0.008
31;0.016
31.25;0
31.5;0.008
31.75;0.016
32;0.024
32.25;0
32.5;0.016
32.75;0.008
33;0.016
33.25;0
33.5;0.008
33.75;0.008
34;0.016
34.25;0
34.5;0.016
34.75;0.008
35;0.016
35.25;0
35.5;0.008
35.75;0.008
36;0.016
36.25;0
36.5;0.008
36.75;0.008
37;0.024
37.25;0
37.5;0.008
37.75;0.016
38;0.016
38.25;0
38.5;0.016
38.75;0.008
39;0.024
39.25;0
39.5;0.008
39.75;0.008
40;0.024
40.25;0
40.5;0.008
40.75;0.008
41;0.016
41.25;0
41.5;0.016
41.75;0.008
42;0.016
42.25;0
42.5;0.016
42.75;0.016
43;0.024
43.25;0
43.5;0.016
43.75;0.008
44;0.016
44.25;0
44.5;0.016
44.75;0.008
45;0.016
45.25;0
45.5;0.008
45.75;0.008
46;0.016
46.25;0
46.5;0.016
46.75;0.016
47;0.016
47.25;0
47.5;0.008
47.75;0.016
48;0.016
48.25;0
48.5;0.016
48.75;0.016
49;0.016
49.25;0
49.5;0.008
49.75;0.008
50;0.016
50.25;0
50.5;0.008
50.75;0.008
51;0.024
51.25;0
51.5;0.008
51.75;0.008
52;0.016
52.25;0
52.5;0.008
52.75;0.008
53;0.024
53.25;0
53.5;0.008
53.75;0.008
54;0.016
54.25;0
54.5;0.008
54.75;0.008
55;0.024
55.25;0
55.5;0.008
55.75;0.016
56;0.016
56.25;0
56.5;0.016
56.75;0.016
57;0.016
57.25;0
57.5;0.016
57.75;0.008
58;0.024
58.25;0
58.5;0.016
58.75;0.008
59;0.016
59.25;0
59.5;0.016
59.75;0.008
60;0.016
60.25;0
60.5;0.008
60.75;0.008
61;0.016
61.25;0
61.5;0.008
61.75;0.008
62;0.024
62.25;0
62.5;0.016
62.75;0.008
63;0.024
63.25;0
63.5;0.008
63.75;0.008
64;0.016
64.25;0
64.5;0.008
64.75;0.016
65;0.024
65.25;0
65.5;0.008
65.75;0.016
66;0.016
66.25;0
66.5;0.008
66.75;0.008
67;0.016
67.25;0
67.5;0.016
67.75;0.008
68;0.016
68.25;0
68.5;0.008
68.75;0.016
69;0.016
69.25;0
69.5;0.008
69.75;0.008
70;0.016
70.25;0
70.5;0.016
70.75;0.016
71;0.016
71.25;0
71.5;0.016
71.75;0.016
72;0.016
72.25;0
72.5;0.008
72.75;0.016
73;0.024
73.25;0
73.5;0.008
73.75;0.008
74;0.016
74.25;0
74.5;0.008
74.75;0.016
75;0.016
75.25;0
75.5;0.008
75.75;0.008
76;0.016
76.25;0
76.5;0.008
76.75;0.016
77;0.016
77.25;0
77.5;0.008
77.75;0.008
78;0.016
78.25;0
78.5;0.008
78.75;0.016
79;0.016
79.25;0
79.5;0.008
79.75;0.016
80;0.016
80.25;0
80.5;0.016
80.75;0.008
81;0.016
81.25;0.008
81.5;0.008
81.75;0.016
82;0.016
82.25;0
82.5;0.008
82.75;0.008
83;0.024
83.25;0
83.5;0.016
83.75;0.008
84;0.024
84.25;0
84.5;0.008
84.75;0.008
85;0.024
85.25;0
85.5;0.016
85.75;0.016
86;0.016
86.25;0
86.5;0.008
86.75;0.008
87;0.024
87.25;0.008
87.5;0.008
87.75;0.016
88;0.024
88.25;0.008
88.5;0.008
88.75;0.008
89;0.024
89.25;0.008
89.5;0.016
89.75;0.016
90;0.024
90.25;0.008
90.5;0.008
90.75;0.016
91;0.024
91.25;0.008
91.5;0.008
91.75;0.016
92;0.024
92.25;0.008
92.5;0.016
92.75;0.016
93;0.024
93.25;0.008
93.5;0.016
93.75;0.016
94;0.024
94.25;0.008
94.5;0.016
94.75;0.008
95;0.024
95.25;0.008
95.5;0.016
95.75;0.008
96;0.024
96.25;0.008
96.5;0.016
96.75;0.016
97;0.024
97.25;0.008
97.5;0.016
97.75;0.016
98;0.024
98.25;0.008
98.5;0.016
98.75;0.016
99;0.024
99.25;0.008
99.5;0.016
99.75;0.016
100;0.024
100.25;0.008
100.5;0.016
100.75;0.024
101;0.032
101.25;0.016
101.5;0.016
101.75;0.016
102;0.032
102.25;0.016
102.5;0.016
102.75;0.016
103;0.032
103.25;0.008
103.5;0.024
103.75;0.024
104;0.032
104.25;0.016
104.5;0.024
104.75;0.024
105;0.032
105.25;0.016
105.5;0.024
105.75;0.024
106;0.04
106.25;0.016
106.5;0.024
106.75;0.032
107;0.04
107.25;0.024
107.5;0.032
107.75;0.032
108;0.04
108.25;0.024
108.5;0.032
108.75;0.032
109;0.048
109.25;0.024
109.5;0.04
109.75;0.04
110;0.048
110.25;0.032
110.5;0.04
110.75;0.04
111;0.056
111.25;0.032
111.5;0.048
111.75;0.048
112;0.056
112.25;0.04
112.5;0.048
112.75;0.048
113;0.064
113.25;0.048
113.5;0.056
113.75;0.056
114;0.072
114.25;0.048
114.5;0.064
114.75;0.064
115;0.072
115.25;0.056
115.5;0.072
115.75;0.072
116;0.08
116.25;0.064
116.5;0.072
116.75;0.072
117;0.088
117.25;0.064
117.5;0.08
117.75;0.08
118;0.096
118.25;0.08
118.5;0.088
118.75;0.088
119;0.104
119.25;0.08
119.5;0.096
119.75;0.096
120;0.112
120.25;0.088
120.5;0.104
120.75;0.104
121;0.112
121.25;0.096
121.5;0.112
121.75;0.112
122;0.12
122.25;0.104
122.5;0.12
122.75;0.12
123;0.128
123.25;0.112
123.5;0.12
123.75;0.128
124;0.136
124.25;0.12
124.5;0.136
124.75;0.128
125;0.144
125.25;0.12
125.5;0.136
125.75;0.136
126;0.144
126.25;0.128
126.5;0.144
126.75;0.144
127;0.152
127.25;0.128
127.5;0.144
127.75;0.144
128;0.16
128.25;0.136
128.5;0.152
128.75;0.152
129;0.16
129.25;0.144
129.5;0.16
129.75;0.16
130;0.168
130.25;0.152
130.5;0.16
130.75;0.16
131;0.168
131.25;0.152
131.5;0.16
131.75;0.16
132;0.176
132.25;0.16
132.5;0.16
132.75;0.168
133;0.176
133.25;0.16
133.5;0.176
133.75;0.168
134;0.176
134.25;0.16
134.5;0.176
134.75;0.176
135;0.184
135.25;0.168
135.5;0.176
135.75;0.176
136;0.184
136.25;0.168
136.5;0.176
136.75;0.176
137;0.192
137.25;0.176
137.5;0.184
137.75;0.184
138;0.192
138.25;0.176
138.5;0.184
138.75;0.184
139;0.192
139.25;0.176
139.5;0.192
139.75;0.184
140;0.2
140.25;0.184
140.5;0.192
140.75;0.184
141;0.2
141.25;0.184
141.5;0.192
141.75;0.192
142;0.2
142.25;0.184
142.5;0.192
142.75;0.192
143;0.2
143.25;0.184
143.5;0.192
143.75;0.2
144;0.2
144.25;0.192
144.5;0.2
144.75;0.2
145;0.208
145.25;0.192
145.5;0.2
145.75;0.2
146;0.208
146.25;0.192
146.5;0.2
146.75;0.2
147;0.208
147.25;0.192
147.5;0.2
147.75;0.2
148;0.208
148.25;0.192
148.5;0.2
148.75;0.208
149;0.208
149.25;0.192
149.5;0.2
149.75;0.2
150;0.208
150.25;0.2
150.5;0.2
150.75;0.208
151;0.216
151.25;0.2
151.5;0.2
151.75;0.2
152;0.216
152.25;0.2
152.5;0.208
152.75;0.208
153;0.216
153.25;0.2
153.5;0.208
153.75;0.208
154;0.216
154.25;0.2
154.5;0.208
154.75;0.208
155;0.216
155.25;0.2
155.5;0.208
155.75;0.208
156;0.216
156.25;0.2
156.5;0.208
156.75;0.208
157;0.216
157.25;0.2
157.5;0.208
157.75;0.216
158;0.216
158.25;0.2
158.5;0.208
158.75;0.208
159;0.216
159.25;0.2
159.5;0.208
159.75;0.208
160;0.216
160.25;0.2
160.5;0.208
160.75;0.208
161;0.216
161.25;0.2
161.5;0.208
161.75;0.216
162;0.216
162.25;0.208
162.5;0.216
162.75;0.216
163;0.216
163.25;0.208
163.5;0.208
163.75;0.208
164;0.216
164.25;0.208
164.5;0.216
164.75;0.216
165;0.224
165.25;0.208
165.5;0.208
165.75;0.208
166;0.216
166.25;0.208
166.5;0.208
166.75;0.208
167;0.216
167.25;0.2
167.5;0.208
167.75;0.208
168;0.216
168.25;0.2
168.5;0.208
168.75;0.208
169;0.224
169.25;0.2
169.5;0.208
169.75;0.208
170;0.216
170.25;0.2
170.5;0.208
170.75;0.216
171;0.216
171.25;0.2
171.5;0.216
171.75;0.216
172;0.224
172.25;0.2
172.5;0.216
172.75;0.208
173;0.216
173.25;0.2
173.5;0.208
173.75;0.208
174;0.216
174.25;0.2
174.5;0.208
174.75;0.208
175;0.216
175.25;0.2
175.5;0.216
175.75;0.208
176;0.216
176.25;0.2
176.5;0.208
176.75;0.208
177;0.216
177.25;0.2
177.5;0.208
177.75;0.208
178;0.216
178.25;0.2
178.5;0.208
178.75;0.208
179;0.216
179.25;0.2
179.5;0.208
179.75;0.208
180;0.216
180.25;0.2
180.5;0.208
180.75;0.208
181;0.216
181.25;0.2
181.5;0.208
181.75;0.208
182;0.216
182.25;0.2
182.5;0.208
182.75;0.208
183;0.216
183.25;0.2
183.5;0.208
183.75;0.2
184;0.216
184.25;0.2
184.5;0.2
184.75;0.208
185;0.216
185.25;0.2
185.5;0.2
185.75;0.208
186;0.216
186.25;0.2
186.5;0.208
186.75;0.2
187;0.208
187.25;0.2
187.5;0.2
187.75;0.2
188;0.208
188.25;0.192
188.5;0.208
188.75;0.208
189;0.208
189.25;0.192
189.5;0.2
189.75;0.2
190;0.208
190.25;0.192
190.5;0.2
190.75;0.2
191;0.208
191.25;0.192
191.5;0.2
191.75;0.2
192;0.208
192.25;0.192
192.5;0.2
192.75;0.2
193;0.208
193.25;0.192
193.5;0.2
193.75;0.2
194;0.208
194.25;0.192
194.5;0.192
194.75;0.2
195;0.208
195.25;0.192
195.5;0.2
195.75;0.2
196;0.208
196.25;0.192
196.5;0.2
196.75;0.2
197;0.208
197.25;0.192
197.5;0.192
197.75;0.192
198;0.208
198.25;0.192
198.5;0.192
198.75;0.2
199;0.2
199.25;0.184
199.5;0.192
199.75;0.192
200;0.2
200.25;0.184
200.5;0.192
200.75;0.192
201;0.2
201.25;0.184
201.5;0.192
201.75;0.192
202;0.2
202.25;0.184
202.5;0.192
202.75;0.192
203;0.2
203.25;0.184
203.5;0.192
203.75;0.192
204;0.2
204.25;0.184
204.5;0.192
204.75;0.192
205;0.2
205.25;0.184
205.5;0.192
205.75;0.192
206;0.2
206.25;0.184
206.5;0.192
206.75;0.192
207;0.192
207.25;0.176
207.5;0.184
207.75;0.192
208;0.192
208.25;0.176
208.5;0.184
208.75;0.184
209;0.192
209.25;0.176
209.5;0.184
209.75;0.184
210;0.192
210.25;0.176
210.5;0.184
210.75;0.184
211;0.192
211.25;0.176
211.5;0.184
211.75;0.184
212;0.192
212.25;0.176
212.5;0.184
212.75;0.184
213;0.192
213.25;0.16
213.5;0.184
213.75;0.184
214;0.192
214.25;0.176
214.5;0.184
214.75;0.184
215;0.192
215.25;0.168
215.5;0.184
215.75;0.176
216;0.184
216.25;0.176
216.5;0.184
216.75;0.176
217;0.184
217.25;0.168
217.5;0.176
217.75;0.176
218;0.184
218.25;0.168
218.5;0.176
218.75;0.176
219;0.184
219.25;0.168
219.5;0.176
219.75;0.184
220;0.184
220.25;0.168
220.5;0.168
220.75;0.176
221;0.184
221.25;0.168
221.5;0.176
221.75;0.168
222;0.184
222.25;0.168
222.5;0.168
222.75;0.168
223;0.176
223.25;0.168
223.5;0.176
223.75;0.168
224;0.176
224.25;0.16
224.5;0.168
224.75;0.168
225;0.176
225.25;0.16
225.5;0.168
225.75;0.168
226;0.176
226.25;0.16
226.5;0.168
226.75;0.168
227;0.176
227.25;0.16
227.5;0.168
227.75;0.16
228;0.176
228.25;0.16
228.5;0.168
228.75;0.16
229;0.176
229.25;0.16
229.5;0.16
229.75;0.16
230;0.176
230.25;0.16
230.5;0.16
230.75;0.16
231;0.168
231.25;0.152
231.5;0.16
231.75;0.16
232;0.168
232.25;0.152
232.5;0.16
232.75;0.16
233;0.168
233.25;0.152
233.5;0.16
233.75;0.16
234;0.168
234.25;0.152
234.5;0.16
234.75;0.16
235;0.168
235.25;0.152
235.5;0.16
235.75;0.16
236;0.168
236.25;0.152
236.5;0.152
236.75;0.16
237;0.16
237.25;0.144
237.5;0.152
237.75;0.16
238;0.16
238.25;0.144
238.5;0.152
238.75;0.152
239;0.16
239.25;0.144
239.5;0.152
239.75;0.152
240;0.16
240.25;0.144
240.5;0.152
240.75;0.152
241;0.16
241.25;0.144
241.5;0.152
241.75;0.152
242;0.16
242.25;0.144
242.5;0.144
242.75;0.152
243;0.16
243.25;0.144
243.5;0.144
243.75;0.144
244;0.16
244.25;0.136
244.5;0.152
244.75;0.144
245;0.152
245.25;0.136
245.5;0.144
245.75;0.144
246;0.152
246.25;0.136
246.5;0.144
246.75;0.144
247;0.152
247.25;0.136
247.5;0.144
247.75;0.144
248;0.152
248.25;0.136
248.5;0.144
248.75;0.144
249;0.152
249.25;0.136
249.5;0.136
249.75;0.136
250;0.152
250.25;0.136
250.5;0.144
250.75;0.144
251;0.144
251.25;0.128
251.5;0.136
251.75;0.144
252;0.144
252.25;0.128
252.5;0.136
252.75;0.136
253;0.144
253.25;0.128
253.5;0.136
253.75;0.136
254;0.144
254.25;0.128
254.5;0.136
254.75;0.136
255;0.144
255.25;0.128
255.5;0.136
255.75;0.128
256;0.144
256.25;0.128
256.5;0.136
256.75;0.128
257;0.144
257.25;0.12
257.5;0.136
257.75;0.128
258;0.144
258.25;0.12
258.5;0.128
258.75;0.128
259;0.144
259.25;0.12
259.5;0.128
259.75;0.136
260;0.136
260.25;0.12
260.5;0.128
260.75;0.128
261;0.136
261.25;0.12
261.5;0.128
261.75;0.128
262;0.136
262.25;0.12
262.5;0.128
262.75;0.12
263;0.128
263.25;0.112
263.5;0.128
263.75;0.128
264;0.128
264.25;0.112
264.5;0.12
264.75;0.12
265;0.128
265.25;0.112
265.5;0.12
265.75;0.12
266;0.128
266.25;0.112
266.5;0.112
266.75;0.12
267;0.128
267.25;0.112
267.5;0.112
267.75;0.12
268;0.128
268.25;0.104
268.5;0.112
268.75;0.112
269;0.12
269.25;0.104
269.5;0.112
269.75;0.112
270;0.12
270.25;0.104
270.5;0.104
270.75;0.112
271;0.12
271.25;0.104
271.5;0.112
271.75;0.104
272;0.12
272.25;0.104
272.5;0.112
272.75;0.112
273;0.12
273.25;0.096
273.5;0.112
273.75;0.112
274;0.112
274.25;0.096
274.5;0.104
274.75;0.104
275;0.112
275.25;0.096
275.5;0.104
275.75;0.104
276;0.112
276.25;0.096
276.5;0.104
276.75;0.104
277;0.112
277.25;0.096
277.5;0.104
277.75;0.104
278;0.112
278.25;0.088
278.5;0.096
278.75;0.096
279;0.104
279.25;0.088
279.5;0.096
279.75;0.104
280;0.104
280.25;0.088
280.5;0.096
280.75;0.096
281;0.104
281.25;0.088
281.5;0.096
281.75;0.096
282;0.104
282.25;0.088
282.5;0.088
282.75;0.088
283;0.096
283.25;0.08
283.5;0.088
283.75;0.088
284;0.096
284.25;0.08
284.5;0.088
284.75;0.088
285;0.096
285.25;0.08
285.5;0.088
285.75;0.088
286;0.096
286.25;0.072
286.5;0.08
286.75;0.088
287;0.088
287.25;0.072
287.5;0.08
287.75;0.08
288;0.088
288.25;0.072
288.5;0.08
288.75;0.08
289;0.088
289.25;0.072
289.5;0.08
289.75;0.072
290;0.08
290.25;0.064
290.5;0.072
290.75;0.072
291;0.08
291.25;0.064
291.5;0.072
291.75;0.072
292;0.08
292.25;0.056
292.5;0.064
292.75;0.064
293;0.072
293.25;0.056
293.5;0.064
293.75;0.064
294;0.072
294.25;0.056
294.5;0.064
294.75;0.064
295;0.072
295.25;0.048
295.5;0.064
295.75;0.064
296;0.064
296.25;0.048
296.5;0.056
296.75;0.056
297;0.064
297.25;0.048
297.5;0.056
297.75;0.056
298;0.064
298.25;0.04
298.5;0.048
298.75;0.04
299;0.056
299.25;0.04
299.5;0.04
299.75;0.048
300;0.056
300.25;0.04
300.5;0.048
300.75;0.04
301;0.056
301.25;0.032
301.5;0.04
301.75;0.048
302;0.048
302.25;0.032
302.5;0.04
302.75;0.04
303;0.048
303.25;0.032
303.5;0.032
303.75;0.04
304;0.048
304.25;0.032
304.5;0.032
304.75;0.032
305;0.04
305.25;0.024
305.5;0.032
305.75;0.04
306;0.04
306.25;0.024
306.5;0.032
306.75;0.032
307;0.04
307.25;0.024
307.5;0.032
307.75;0.032
308;0.04
308.25;0.024
308.5;0.032
308.75;0.024
309;0.04
309.25;0.024
309.5;0.032
309.75;0.032
310;0.04
310.25;0.024
310.5;0.032
310.75;0.024
311;0.04
311.25;0.016
311.5;0.024
311.75;0.04
312;0.04
312.25;0.024
312.5;0.032
312.75;0.032
313;0.04
313.25;0.024
313.5;0.032
313.75;0.032
314;0.04
314.25;0.024
314.5;0.032
314.75;0.032
315;0.04
315.25;0.024
315.5;0.032
315.75;0.032
316;0.04
316.25;0.024
316.5;0.032
316.75;0.024
317;0.04
317.25;0.024
317.5;0.032
317.75;0.04
318;0.04
318.25;0.024
318.5;0.032
318.75;0.032
319;0.04
319.25;0.024
319.5;0.032
319.75;0.04
320;0.048
320.25;0.024
320.5;0.04
320.75;0.04
321;0.048
321.25;0.032
321.5;0.04
321.75;0.032
322;0.048
322.25;0.032
322.5;0.04
322.75;0.04
323;0.048
323.25;0.032
323.5;0.04
323.75;0.04
324;0.048
324.25;0.032
324.5;0.04
324.75;0.04
325;0.056
325.25;0.04
325.5;0.048
325.75;0.048
326;0.056
326.25;0.04
326.5;0.048
326.75;0.048
327;0.056
327.25;0.04
327.5;0.056
327.75;0.048
328;0.064
328.25;0.048
328.5;0.056
328.75;0.056
329;0.064
329.25;0.048
329.5;0.064
329.75;0.056
330;0.072
330.25;0.056
330.5;0.064
330.75;0.064
331;0.072
331.25;0.056
331.5;0.064
331.75;0.064
332;0.08
332.25;0.056
332.5;0.064
332.75;0.072
333;0.08
333.25;0.064
333.5;0.072
333.75;0.072
334;0.08
334.25;0.064
334.5;0.072
334.75;0.072
335;0.08
335.25;0.064
335.5;0.08
335.75;0.072
336;0.088
336.25;0.072
336.5;0.072
336.75;0.08
337;0.088
337.25;0.072
337.5;0.08
337.75;0.08
338;0.088
338.25;0.072
338.5;0.08
338.75;0.088
339;0.088
339.25;0.08
339.5;0.08
339.75;0.08
340;0.096
340.25;0.08
340.5;0.088
340.75;0.088
341;0.096
341.25;0.08
341.5;0.088
341.75;0.088
342;0.096
342.25;0.08
342.5;0.096
342.75;0.088
343;0.096
343.25;0.08
343.5;0.088
343.75;0.088
344;0.104
344.25;0.08
344.5;0.096
344.75;0.088
345;0.104
345.25;0.088
345.5;0.096
345.75;0.096
346;0.104
346.25;0.088
346.5;0.096
346.75;0.096
347;0.104
347.25;0.088
347.5;0.096
347.75;0.096
348;0.104
348.25;0.088
348.5;0.096
348.75;0.096
349;0.104
349.25;0.088
349.5;0.104
349.75;0.096
350;0.104
350.25;0.088
350.5;0.096
350.75;0.096
351;0.104
351.25;0.088
351.5;0.104
351.75;0.104
352;0.112
352.25;0.088
352.5;0.104
352.75;0.104
353;0.112
353.25;0.088
353.5;0.104
353.75;0.096
354;0.112
354.25;0.096
354.5;0.104
354.75;0.096
355;0.112
355.25;0.096
355.5;0.104
355.75;0.104
356;0.112
356.25;0.096
356.5;0.104
356.75;0.104
357;0.112
357.25;0.096
357.5;0.104
357.75;0.104
358;0.112
358.25;0.096
358.5;0.104
358.75;0.104
359;0.112
359.25;0.096
359.5;0.104
359.75;0.104
360;0.112
360.25;0.096
360.5;0.104
360.75;0.104
361;0.112
361.25;0.096
361.5;0.096
361.75;0.104
362;0.112
362.25;0.096
362.5;0.104
362.75;0.104
363;0.112
363.25;0.096
363.5;0.104
363.75;0.104
364;0.112
364.25;0.096
364.5;0.104
364.75;0.104
365;0.112
365.25;0.096
365.5;0.104
365.75;0.104
366;0.112
366.25;0.096
366.5;0.104
366.75;0.104
367;0.112
367.25;0.096
367.5;0.104
367.75;0.104
368;0.112
368.25;0.096
368.5;0.096
368.75;0.104
369;0.104
369.25;0.096
369.5;0.096
369.75;0.104
370;0.112
370.25;0.096
370.5;0.104
370.75;0.096
371;0.112
371.25;0.088
371.5;0.096
371.75;0.096
372;0.112
372.25;0.096
372.5;0.104
372.75;0.104
373;0.104
373.25;0.088
373.5;0.096
373.75;0.096
374;0.104
374.25;0.088
374.5;0.096
374.75;0.096
375;0.104
375.25;0.088
375.5;0.104
375.75;0.096
376;0.104
376.25;0.088
376.5;0.096
376.75;0.096
377;0.104
377.25;0.088
377.5;0.096
377.75;0.096
378;0.104
378.25;0.088
378.5;0.096
378.75;0.096
379;0.104
379.25;0.088
379.5;0.096
379.75;0.096
380;0.104
380.25;0.088
380.5;0.096
380.75;0.088
381;0.104
381.25;0.088
381.5;0.096
381.75;0.096
382;0.104
382.25;0.088
382.5;0.096
382.75;0.088
383;0.104
383.25;0.08
383.5;0.096
383.75;0.088
384;0.096
384.25;0.08
384.5;0.088
384.75;0.096
385;0.096
385.25;0.08
385.5;0.096
385.75;0.096
386;0.096
386.25;0.08
386.5;0.088
386.75;0.088
387;0.096
387.25;0.08
387.5;0.088
387.75;0.088
388;0.096
388.25;0.08
388.5;0.088
388.75;0.088
389;0.096
389.25;0.08
389.5;0.088
389.75;0.088
390;0.096
390.25;0.08
390.5;0.088
390.75;0.088
391;0.096
391.25;0.08
391.5;0.088
391.75;0.088
392;0.096
392.25;0.08
392.5;0.08
392.75;0.088
393;0.096
393.25;0.08
393.5;0.088
393.75;0.088
394;0.096
394.25;0.08
394.5;0.08
394.75;0.088
395;0.088
395.25;0.072
395.5;0.08
395.75;0.088
396;0.096
396.25;0.072
396.5;0.08
396.75;0.088
397;0.088
397.25;0.072
397.5;0.08
397.75;0.08
398;0.088
398.25;0.072
398.5;0.08
398.75;0.08
399;0.088
399.25;0.072
399.5;0.08
399.75;0.08
400;0.088
400.25;0.072
400.5;0.08
400.75;0.08
401;0.088
401.25;0.072
401.5;0.08
401.75;0.088
402;0.088
402.25;0.072
402.5;0.08
402.75;0.08
403;0.088
403.25;0.072
403.5;0.08
403.75;0.08
404;0.088
404.25;0.072
404.5;0.08
404.75;0.08
405;0.088
405.25;0.072
405.5;0.08
405.75;0.08
406;0.088
406.25;0.072
406.5;0.08
406.75;0.08
407;0.088
407.25;0.072
407.5;0.08
407.75;0.08
408;0.088
408.25;0.072
408.5;0.08
408.75;0.08
409;0.088
409.25;0.072
409.5;0.088
409.75;0.088
410;0.088
410.25;0.072
410.5;0.08
410.75;0.08
411;0.088
411.25;0.072
411.5;0.08
411.75;0.08
412;0.096
412.25;0.08
412.5;0.08
412.75;0.08
413;0.096
413.25;0.08
413.5;0.088
413.75;0.088
414;0.096
414.25;0.08
414.5;0.088
414.75;0.088
415;0.096
415.25;0.08
415.5;0.08
415.75;0.088
416;0.096
416.25;0.08
416.5;0.088
416.75;0.088
417;0.096
417.25;0.08
417.5;0.088
417.75;0.088
418;0.096
418.25;0.08
418.5;0.08
418.75;0.088
419;0.096
419.25;0.08
419.5;0.088
419.75;0.088
420;0.096
420.25;0.08
420.5;0.088
420.75;0.096
421;0.096
421.25;0.08
421.5;0.088
421.75;0.088
422;0.096
422.25;0.08
422.5;0.088
422.75;0.088
423;0.096
423.25;0.08
423.5;0.088
423.75;0.088
424;0.096
424.25;0.08
424.5;0.096
424.75;0.088
425;0.096
425.25;0.08
425.5;0.096
425.75;0.088
426;0.096
426.25;0.08
426.5;0.088
426.75;0.096
427;0.096
427.25;0.08
427.5;0.096
427.75;0.088
428;0.096
428.25;0.08
428.5;0.088
428.75;0.088
429;0.096
429.25;0.08
429.5;0.088
429.75;0.088
430;0.096
430.25;0.08
430.5;0.088
430.75;0.096
431;0.096
431.25;0.08
431.5;0.096
431.75;0.088
432;0.096
432.25;0.08
432.5;0.088
432.75;0.088
433;0.096
433.25;0.08
433.5;0.088
433.75;0.088
434;0.096
434.25;0.08
434.5;0.088
434.75;0.088
435;0.096
435.25;0.08
435.5;0.088
435.75;0.088
436;0.096
436.25;0.08
436.5;0.088
436.75;0.096
437;0.096
437.25;0.08
437.5;0.088
437.75;0.088
438;0.096
438.25;0.08
438.5;0.088
438.75;0.088
439;0.096
439.25;0.08
439.5;0.088
439.75;0.088
440;0.096
440.25;0.08
440.5;0.088
440.75;0.088
441;0.096
441.25;0.08
441.5;0.088
441.75;0.088
442;0.096
442.25;0.08
442.5;0.096
442.75;0.088
443;0.096
443.25;0.08
443.5;0.088
443.75;0.088
444;0.096
444.25;0.08
444.5;0.096
444.75;0.088
445;0.096
445.25;0.08
445.5;0.088
445.75;0.088
446;0.096
446.25;0.08
446.5;0.088
446.75;0.088
447;0.096
447.25;0.08
447.5;0.088
447.75;0.088
448;0.096
448.25;0.08
448.5;0.088
448.75;0.088
449;0.096
449.25;0.08
449.5;0.088
449.75;0.08
450;0.096
450.25;0.08
450.5;0.088
450.75;0.088
451;0.096
451.25;0.08
451.5;0.088
451.75;0.088
452;0.096
452.25;0.08
452.5;0.088
452.75;0.096
453;0.096
453.25;0.08
453.5;0.088
453.75;0.088
454;0.096
454.25;0.08
454.5;0.088
454.75;0.088
455;0.096
455.25;0.08
455.5;0.088
455.75;0.088
456;0.096
456.25;0.08
456.5;0.096
456.75;0.088
457;0.096
457.25;0.08
457.5;0.088
457.75;0.088
458;0.096
458.25;0.08
458.5;0.088
458.75;0.088
459;0.096
459.25;0.08
459.5;0.096
459.75;0.088
460;0.096
460.25;0.08
460.5;0.096
460.75;0.088
461;0.096
461.25;0.08
461.5;0.088
461.75;0.088
462;0.096
462.25;0.08
462.5;0.088
462.75;0.096
463;0.096
463.25;0.08
463.5;0.096
463.75;0.088
464;0.104
464.25;0.08
464.5;0.088
464.75;0.088
465;0.096
465.25;0.08
465.5;0.088
465.75;0.088
466;0.096
466.25;0.08
466.5;0.088
466.75;0.088
467;0.096
467.25;0.08
467.5;0.096
467.75;0.088
468;0.096
468.25;0.08
468.5;0.096
468.75;0.088
469;0.096
469.25;0.08
469.5;0.088
469.75;0.096
470;0.096
470.25;0.08
470.5;0.088
470.75;0.088
471;0.096
471.25;0.08
471.5;0.088
471.75;0.096
472;0.096
472.25;0.08
472.5;0.088
472.75;0.096
473;0.096
473.25;0.08
473.5;0.088
473.75;0.088
474;0.096
474.25;0.08
474.5;0.088
474.75;0.088
475;0.096
475.25;0.08
475.5;0.096
475.75;0.088
476;0.096
476.25;0.08
476.5;0.088
476.75;0.088
477;0.096
477.25;0.08
477.5;0.088
477.75;0.088
478;0.096
478.25;0.08
478.5;0.088
478.75;0.088
479;0.096
479.25;0.08
479.5;0.088
479.75;0.096
480;0.104
480.25;0.08
480.5;0.096
480.75;0.088
481;0.104
481.25;0.088
481.5;0.096
481.75;0.096
482;0.104
482.25;0.088
482.5;0.088
482.75;0.088
483;0.104
483.25;0.08
483.5;0.096
483.75;0.088
484;0.104
484.25;0.088
484.5;0.088
484.75;0.088
485;0.104
485.25;0.088
485.5;0.088
485.75;0.088
486;0.104
486.25;0.088
486.5;0.096
486.75;0.088
487;0.104
487.25;0.088
487.5;0.088
487.75;0.096
488;0.104
488.25;0.08
488.5;0.088
488.75;0.088
489;0.104
489.25;0.08
489.5;0.096
489.75;0.088
490;0.104
490.25;0.088
490.5;0.096
490.75;0.096
491;0.104
491.25;0.088
491.5;0.096
491.75;0.096
492;0.096
492.25;0.088
492.5;0.096
492.75;0.096
493;0.104
493.25;0.088
493.5;0.096
493.75;0.088
494;0.104
494.25;0.088
494.5;0.096
494.75;0.088
495;0.104
495.25;0.088
495.5;0.096
495.75;0.096
496;0.104
496.25;0.088
496.5;0.096
496.75;0.096
497;0.104
497.25;0.088
497.5;0.088
497.75;0.096
498;0.104
498.25;0.088
498.5;0.088
498.75;0.096
499;0.104
499.25;0.088
499.5;0.088
499.75;0.088
500;0.104
500.25;0.088
500.5;0.096
500.75;0.088
501;0.104
501.25;0.088
501.5;0.096
501.75;0.096
502;0.104
502.25;0.088
502.5;0.096
502.75;0.096
503;0.104
503.25;0.088
503.5;0.088
503.75;0.088
504;0.104
504.25;0.088
504.5;0.088
504.75;0.096
505;0.104
505.25;0.088
505.5;0.096
505.75;0.096
506;0.104
506.25;0.088
506.5;0.096
506.75;0.096
507;0.104
507.25;0.088
507.5;0.096
507.75;0.088
508;0.104
508.25;0.088
508.5;0.096
508.75;0.096
509;0.104
509.25;0.088
509.5;0.096
509.75;0.096
510;0.104
510.25;0.088
510.5;0.096
510.75;0.096
511;0.104
511.25;0.088
511.5;0.096
511.75;0.096
512;0.104
512.25;0.088
512.5;0.096
512.75;0.096
513;0.104
513.25;0.088
513.5;0.096
513.75;0.096
514;0.104
514.25;0.088
514.5;0.096
514.75;0.096
515;0.104
515.25;0.088
515.5;0.096
515.75;0.096
516;0.104
516.25;0.088
516.5;0.088
516.75;0.096
517;0.104
517.25;0.088
517.5;0.096
517.75;0.096
518;0.104
518.25;0.088
518.5;0.096
518.75;0.096
519;0.104
519.25;0.088
519.5;0.096
519.75;0.096
520;0.104
520.25;0.088
520.5;0.096
520.75;0.096
521;0.104
521.25;0.088
521.5;0.096
521.75;0.096
522;0.104
522.25;0.088
522.5;0.096
522.75;0.096
523;0.104
523.25;0.088
523.5;0.096
523.75;0.096
524;0.104
524.25;0.088
524.5;0.096
524.75;0.096
525;0.104
525.25;0.088
525.5;0.088
525.75;0.096
526;0.104
526.25;0.088
526.5;0.096
526.75;0.096
527;0.104
527.25;0.088
527.5;0.096
527.75;0.096
528;0.104
528.25;0.088
528.5;0.096
528.75;0.096
529;0.104
529.25;0.088
529.5;0.096
529.75;0.096
530;0.104
530.25;0.088
530.5;0.096
530.75;0.096
531;0.104
531.25;0.088
531.5;0.096
531.75;0.096
532;0.104
532.25;0.088
532.5;0.096
532.75;0.096
533;0.104
533.25;0.088
533.5;0.096
533.75;0.096
534;0.104
534.25;0.088
534.5;0.096
534.75;0.096
535;0.104
535.25;0.088
535.5;0.096
535.75;0.096
536;0.104
536.25;0.088
536.5;0.096
536.75;0.096
537;0.104
537.25;0.088
537.5;0.096
537.75;0.096
538;0.104
538.25;0.088
538.5;0.096
538.75;0.096
539;0.104
539.25;0.088
539.5;0.096
539.75;0.096
540;0.104
540.25;0.088
540.5;0.096
540.75;0.096
541;0.104
541.25;0.088
541.5;0.096
541.75;0.104
542;0.104
542.25;0.088
542.5;0.096
542.75;0.096
543;0.104
543.25;0.088
543.5;0.096
543.75;0.096
544;0.104
544.25;0.088
544.5;0.096
544.75;0.096
545;0.104
545.25;0.088
545.5;0.096
545.75;0.096
546;0.104
546.25;0.088
546.5;0.096
546.75;0.096
547;0.104
547.25;0.088
547.5;0.096
547.75;0.096
548;0.104
548.25;0.088
548.5;0.096
548.75;0.096
549;0.104
549.25;0.088
549.5;0.096
549.75;0.096
550;0.104
550.25;0.088
550.5;0.096
550.75;0.096
551;0.104
551.25;0.088
551.5;0.096
551.75;0.096
552;0.104
552.25;0.088
552.5;0.096
552.75;0.096
553;0.104
553.25;0.088
553.5;0.096
553.75;0.096
554;0.104
554.25;0.088
554.5;0.096
554.75;0.096
555;0.104
555.25;0.088
555.5;0.096
555.75;0.096
556;0.104
556.25;0.088
556.5;0.096
556.75;0.096
557;0.104
557.25;0.088
557.5;0.096
557.75;0.104
558;0.104
558.25;0.088
558.5;0.096
558.75;0.096
559;0.104
559.25;0.088
559.5;0.096
559.75;0.096
560;0.104
560.25;0.088
560.5;0.096
560.75;0.104
561;0.104
561.25;0.088
561.5;0.096
561.75;0.096
562;0.104
562.25;0.088
562.5;0.096
562.75;0.096
563;0.104
563.25;0.088
563.5;0.096
563.75;0.096
564;0.104
564.25;0.088
564.5;0.096
564.75;0.104
565;0.104
565.25;0.088
565.5;0.096
565.75;0.096
566;0.104
566.25;0.088
566.5;0.096
566.75;0.096
567;0.104
567.25;0.088
567.5;0.096
567.75;0.096
568;0.104
568.25;0.088
568.5;0.096
568.75;0.096
569;0.104
569.25;0.088
569.5;0.096
569.75;0.096
570;0.104
570.25;0.088
570.5;0.096
570.75;0.096
571;0.104
571.25;0.088
571.5;0.096
571.75;0.096
572;0.104
572.25;0.088
572.5;0.096
572.75;0.096
573;0.104
573.25;0.088
573.5;0.096
573.75;0.096
574;0.104
574.25;0.088
574.5;0.096
574.75;0.096
575;0.104
575.25;0.088
575.5;0.096
575.75;0.096
576;0.104
576.25;0.088
576.5;0.096
576.75;0.096
577;0.104
577.25;0.088
577.5;0.096
577.75;0.096
578;0.104
578.25;0.088
578.5;0.096
578.75;0.096
579;0.104
579.25;0.088
579.5;0.096
579.75;0.096
580;0.104
580.25;0.088
580.5;0.096
580.75;0.096
581;0.104
581.25;0.088
581.5;0.096
581.75;0.096
582;0.104
582.25;0.088
582.5;0.096
582.75;0.096
583;0.104
583.25;0.088
583.5;0.096
583.75;0.096
584;0.104
584.25;0.088
584.5;0.096
584.75;0.096
585;0.104
585.25;0.088
585.5;0.096
585.75;0.096
586;0.104
586.25;0.088
586.5;0.096
586.75;0.096
587;0.104
587.25;0.088
587.5;0.096
587.75;0.096
588;0.104
588.25;0.088
588.5;0.096
588.75;0.096
589;0.104
589.25;0.088
589.5;0.096
589.75;0.096
590;0.104
590.25;0.088
590.5;0.096
590.75;0.096
591;0.104
591.25;0.088
591.5;0.096
591.75;0.096
592;0.104
592.25;0.088
592.5;0.096
592.75;0.096
593;0.104
593.25;0.088
593.5;0.104
593.75;0.096
594;0.104
594.25;0.088
594.5;0.096
594.75;0.096
595;0.104
595.25;0.088
595.5;0.096
595.75;0.096
596;0.104
596.25;0.088
596.5;0.096
596.75;0.096
597;0.104
597.25;0.088
597.5;0.096
597.75;0.096
598;0.104
598.25;0.088
598.5;0.088
598.75;0.096
599;0.104
599.25;0.088
599.5;0.096
599.75;0.096
600;0.104
600.25;0.088
600.5;0.096
600.75;0.096
601;0.104
601.25;0.088
601.5;0.096
601.75;0.096
602;0.104
602.25;0.088
602.5;0.096
602.75;0.096
603;0.104
603.25;0.088
603.5;0.096
603.75;0.096
604;0.104
604.25;0.088
604.5;0.096
604.75;0.096
605;0.104
605.25;0.088
605.5;0.096
605.75;0.096
606;0.104
606.25;0.088
606.5;0.096
606.75;0.096
607;0.104
607.25;0.088
607.5;0.096
607.75;0.096
608;0.104
608.25;0.088
608.5;0.096
608.75;0.096
609;0.104
609.25;0.088
609.5;0.096
609.75;0.096
610;0.104
610.25;0.088
610.5;0.096
610.75;0.096
611;0.104
611.25;0.088
611.5;0.096
611.75;0.096
612;0.104
612.25;0.088
612.5;0.096
612.75;0.096
613;0.104
613.25;0.088
613.5;0.096
613.75;0.096
614;0.104
614.25;0.088
614.5;0.096
614.75;0.096
615;0.104
615.25;0.088
615.5;0.096
615.75;0.096
616;0.104
616.25;0.088
616.5;0.096
616.75;0.096
617;0.104
617.25;0.088
617.5;0.096
617.75;0.096
618;0.104
618.25;0.088
618.5;0.104
618.75;0.096
619;0.104
619.25;0.088
619.5;0.096
619.75;0.096
620;0.104
620.25;0.088
620.5;0.096
620.75;0.096
621;0.104
621.25;0.088
621.5;0.088
621.75;0.096
622;0.104
622.25;0.088
622.5;0.096
622.75;0.096
623;0.104
623.25;0.088
623.5;0.096
623.75;0.096
624;0.104
624.25;0.088
624.5;0.096
624.75;0.096
625;0.104
625.25;0.088
625.5;0.096
625.75;0.096
626;0.104
626.25;0.088
626.5;0.096
626.75;0.096
627;0.104
627.25;0.088
627.5;0.096
627.75;0.096
628;0.104
628.25;0.088
628.5;0.096
628.75;0.096
629;0.104
629.25;0.088
629.5;0.096
629.75;0.096
630;0.104
630.25;0.088
630.5;0.104
630.75;0.096
631;0.104
631.25;0.088
631.5;0.104
631.75;0.096
632;0.104
632.25;0.088
632.5;0.096
632.75;0.096
633;0.104
633.25;0.088
633.5;0.096
633.75;0.096
634;0.104
634.25;0.088
634.5;0.096
634.75;0.096
635;0.104
635.25;0.088
635.5;0.096
635.75;0.096
636;0.104
636.25;0.088
636.5;0.096
636.75;0.096
637;0.104
637.25;0.088
637.5;0.096
637.75;0.096
638;0.104
638.25;0.088
638.5;0.104
638.75;0.096
639;0.104
639.25;0.088
639.5;0.096
639.75;0.096
640;0.104
640.25;0.088
640.5;0.096
640.75;0.096
641;0.104
641.25;0.088
641.5;0.096
641.75;0.096
642;0.104
642.25;0.088
642.5;0.096
642.75;0.096
643;0.104
643.25;0.088
643.5;0.096
643.75;0.096
644;0.104
644.25;0.088
644.5;0.096
644.75;0.096
645;0.104
645.25;0.088
645.5;0.096
645.75;0.096
646;0.104
646.25;0.088
646.5;0.096
646.75;0.088
647;0.104
647.25;0.088
647.5;0.096
647.75;0.096
648;0.104
648.25;0.088
648.5;0.096
648.75;0.096
649;0.104
649.25;0.088
649.5;0.096
649.75;0.096
650;0.104
650.25;0.088
650.5;0.096
650.75;0.096
651;0.104
651.25;0.088
651.5;0.096
651.75;0.096
652;0.104
652.25;0.088
652.5;0.096
652.75;0.096
653;0.104
653.25;0.088
653.5;0.096
653.75;0.096
654;1.784
654.25;-0.256
654.5;0.76
654.75;0.76
655;1.784
655.25;-0.256
655.5;0.776
655.75;1.28
656;1.784
656.25;-0.256
656.5;0.768
656.75;-0.256
657;1.784
657.25;-0.256
657.5;0.776
657.75;-0.256
658;1.784
658.25;-0.256
658.5;0.76
658.75;0.76
659;1.784
659.25;-0.256
659.5;0.76
659.75;0.632
660;1.784
660.25;-0.256
660.5;0.768
660.75;0.256
661;1.784
661.25;-0.256
661.5;0.768
661.75;0.768
662;1.784
662.25;-0.256
662.5;0.696
662.75;0.76
663;1.784
663.25;-0.256
663.5;0.76
663.75;0.76
664;1.784
664.25;-0.256
664.5;0.768
664.75;0.768
665;1.784
665.25;-0.256
665.5;0.784
665.75;-0.256
666;1.784
666.25;-0.256
666.5;0.768
666.75;0.768
667;1.784
667.25;-0.256
667.5;0.76
667.75;0.76
668;1.784
668.25;-0.256
668.5;0.728
668.75;0.632
669;1.784
669.25;-0.256
669.5;0.768
669.75;-0.256
670;1.784
670.25;-0.256
670.5;0.776
670.75;0.768
671;1.784
671.25;-0.256
671.5;0.76
671.75;0.728
672;1.784
672.25;-0.256
672.5;0.696
672.75;0.6
673;1.784
673.25;-0.256
673.5;0.76
673.75;0.76
674;1.784
674.25;-0.256
674.5;0.768
674.75;0.768
675;1.784
675.25;-0.256
675.5;0.768
675.75;1.28
676;1.784
676.25;-0.256
676.5;0.76
676.75;0.76
677;1.784
677.25;-0.256
677.5;0.76
677.75;0.696
678;1.784
678.25;-0.256
678.5;0.768
678.75;0.768
679;1.784
679.25;-0.256
679.5;0.784
679.75;0.768
680;1.784
680.25;-0.256
680.5;0.76
680.75;0.76
681;1.784
681.25;-0.256
681.5;0.76
681.75;0.76
682;1.784
682.25;-0.256
682.5;0.76
682.75;0.76
683;1.784
683.25;-0.256
683.5;0.768
683.75;0.768
684;1.784
684.25;-0.256
684.5;0.768
684.75;0.768
685;1.784
685.25;-0.256
685.5;0.76
685.75;0.696
686;1.784
686.25;-0.256
686.5;0.76
686.75;0.728
687;1.784
687.25;-0.256
687.5;0.768
687.75;0.768
688;1.784
688.25;-0.256
688.5;0.768
688.75;0.768
689;1.784
689.25;-0.256
689.5;0.76
689.75;0.504
690;1.784
690.25;-0.256
690.5;0.728
690.75;0.504
691;1.784
691.25;-0.256
691.5;0.76
691.75;0.76
692;1.784
692.25;-0.256
692.5;0.768
692.75;0.768
693;1.784
693.25;-0.256
693.5;0.768
693.75;0.768
694;1.784
694.25;-0.256
694.5;0.76
694.75;0.76
695;1.784
695.25;-0.256
695.5;0.76
695.75;0.76
696;1.784
696.25;-0.256
696.5;0.768
696.75;0.768
697;1.784
697.25;-0.256
697.5;0.784
697.75;0.768
698;1.784
698.25;-0.256
698.5;0.76
698.75;0.76
699;1.784
699.25;-0.256
699.5;0.76
699.75;0.76
700;1.784
700.25;-0.256
700.5;0.76
700.75;0.632
701;1.784
701.25;-0.256
701.5;-0.256
701.75;0.768
702;1.784
702.25;-0.256
702.5;0.768
702.75;0.776
703;1.784
703.25;-0.256
703.5;0.76
703.75;0.696
704;1.784
704.25;-0.256
704.5;0.568
704.75;0.76
705;1.784
705.25;-0.256
705.5;0.776
705.75;0.768
706;1.784
706.25;-0.256
706.5;0.792
706.75;0.784
707;1.784
707.25;-0.256
707.5;0.768
707.75;0.768
708;1.784
708.25;-0.256
708.5;0.76
708.75;0.376
709;1.784
709.25;-0.256
709.5;0.664
709.75;0.76
710;1.784
710.25;-0.256
710.5;0.768
710.75;0.768
711;1.784
711.25;-0.256
711.5;0.768
711.75;0.768
712;1.784
712.25;-0.256
712.5;0.76
712.75;0.76
713;1.784
713.25;-0.256
713.5;0.76
713.75;0.504
714;1.784
714.25;-0.256
714.5;0.768
714.75;0.768
715;1.784
715.25;-0.256
715.5;0.768
715.75;0.768
716;1.784
716.25;-0.256
716.5;0.768
716.75;0.768
717;1.784
717.25;-0.256
717.5;0.76
717.75;0.76
718;1.784
718.25;-0.256
718.5;0.76
718.75;0.376
719;1.784
719.25;-0.256
719.5;0.768
719.75;0.768
720;1.784
720.25;-0.256
720.5;0.768
720.75;0.768
721;1.784
721.25;-0.256
721.5;0.76
721.75;0.76
722;1.784
722.25;-0.256
722.5;0.696
722.75;0.76
723;1.784
723.25;-0.256
723.5;0.768
723.75;0.776
724;1.784
724.25;-0.256
724.5;0.768
724.75;0.768
725;1.784
725.25;-0.256
725.5;0.768
725.75;0.768
726;1.784
726.25;-0.256
726.5;0.76
726.75;0.76
727;1.784
727.25;-0.256
727.5;0.76
727.75;0.76
728;1.784
728.25;-0.256
728.5;0.784
728.75;0.768
729;1.784
729.25;-0.256
729.5;1.28
729.75;0.768
730;1.784
730.25;-0.256
730.5;0.76
730.75;0.76
731;1.784
731.25;-0.256
731.5;0.76
731.75;0.76
732;1.784
732.25;-0.256
732.5;1.288
732.75;0.768
733;1.784
733.25;-0.256
733.5;0.768
733.75;0.768
734;1.784
734.25;-0.256
734.5;0.768
734.75;-0.256
735;1.784
735.25;-0.256
735.5;0.76
735.75;0.696
736;1.784
736.25;-0.256
736.5;0.76
736.75;0.76
737;1.784
737.25;-0.256
737.5;0.768
737.75;-0.256
738;1.784
738.25;-0.256
738.5;0.768
738.75;0.768
739;1.784
739.25;-0.256
739.5;0.504
739.75;0.76
740;1.784
740.25;-0.256
740.5;0.76
740.75;0.76
741;1.784
741.25;-0.256
741.5;0.76
741.75;0.504
742;1.784
742.25;-0.256
742.5;0.768
742.75;0.768
743;1.784
743.25;-0.256
743.5;0.768
743.75;1.28
744;1.784
744.25;-0.256
744.5;0.696
744.75;0.504
745;1.784
745.25;-0.256
745.5;0.76
745.75;0.504
746;1.784
746.25;-0.256
746.5;0.768
746.75;0.792
747;1.784
747.25;-0.256
747.5;0.768
747.75;0.768
748;1.784
748.25;-0.256
748.5;0.76
748.75;0.696
749;1.784
749.25;-0.256
749.5;0.504
749.75;0.76
750;1.784
750.25;-0.256
750.5;0.76
750.75;0.76
751;1.784
751.25;-0.256
751.5;0.784
751.75;0.768
752;1.784
752.25;-0.256
752.5;0.768
752.75;0.768
753;1.784
753.25;-0.256
753.5;0.76
753.75;0.504
754;1.784
754.25;-0.256
754.5;0.76
754.75;0.76
755;1.784
755.25;-0.256
755.5;-0.248
755.75;0.768
756;1.784
756.25;-0.256
756.5;0.768
756.75;0.768
757;1.784
757.25;-0.256
757.5;0.76
757.75;0.76
758;1.784
758.25;-0.256
758.5;0.728
758.75;0.696
759;1.784
759.25;-0.256
759.5;0.632
759.75;0.696
