# Oscilloscope file ./2K-hall-100uA-B.bin
# Channel 1
Time / s;Voltage / V
0;0.08
0.25;0
0.5;0.04
0.75;0.04
1;0.08
1.25;0
1.5;0.04
1.75;0.04
2;0.08
2.25;0
2.5;0.04
2.75;0.04
3;0.08
3.25;0
3.5;0.04
3.75;0.04
4;0.08
4.25;0
4.5;0.04
4.75;0.04
5;0.08
5.25;0
5.5;0.04
5.75;0.04
6;0.08
6.25;0
6.5;0.04
6.75;0.04
7;0.08
7.25;0
7.5;0.04
7.75;0.04
8;0.12
8.25;0
8.5;0.04
8.75;0.04
9;0.08
9.25;0
9.5;0.04
9.75;0.04
10;0.08
10.25;0
10.5;0.04
10.75;0.04
11;0.12
11.25;0
11.5;0.04
11.75;0.04
12;0.08
12.25;0
12.5;0.04
12.75;0.04
13;0.08
13.25;0
13.5;0.08
13.75;0.08
14;0.08
14.25;0
14.5;0.04
14.75;0.04
15;0.08
15.25;0
15.5;0.04
15.75;0.08
16;0.12
16.25;0
16.5;0.08
16.75;0.04
17;0.12
17.25;0.04
17.5;0.08
17.75;0.08
18;0.12
18.25;0.04
18.5;0.08
18.75;0.04
19;0.12
19.25;0.04
19.5;0.12
19.75;0.08
20;0.12
20.25;0.04
20.5;0.12
20.75;0.08
21;0.16
21.25;0.04
21.5;0.08
21.75;0.12
22;0.16
22.25;0.04
22.5;0.08
22.75;0.12
23;0.16
23.25;0.08
23.5;0.08
23.75;0.12
24;0.16
24.25;0.08
24.5;0.12
24.75;0.12
25;0.16
25.25;0.08
25.5;0.12
25.75;0.16
26;0.2
26.25;0.08
26.5;0.12
26.75;0.12
27;0.2
27.25;0.08
27.5;0.16
27.75;0.16
28;0.2
28.25;0.08
28.5;0.16
28.75;0.16
29;0.2
29.25;0.12
29.5;0.16
29.75;0.16
30;0.2
30.25;0.12
30.5;0.2
30.75;0.16
31;0.2
31.25;0.12
31.5;0.2
31.75;0.16
32;0.2
32.25;0.12
32.5;0.2
32.75;0.2
33;0.24
33.25;0.12
33.5;0.2
33.75;0.2
34;0.24
34.25;0.16
34.5;0.2
34.75;0.2
35;0.24
35.25;0.16
35.5;0.24
35.75;0.2
36;0.24
36.25;0.16
36.5;0.2
36.75;0.2
37;0.24
37.25;0.16
37.5;0.24
37.75;0.24
38;0.24
38.25;0.16
38.5;0.24
38.75;0.24
39;0.28
39.25;0.2
39.5;0.24
39.75;0.24
40;0.28
40.25;0.2
40.5;0.24
40.75;0.24
41;0.28
41.25;0.2
41.5;0.24
41.75;0.24
42;0.28
42.25;0.2
42.5;0.28
42.75;0.24
43;0.32
43.25;0.2
43.5;0.24
43.75;0.24
44;0.32
44.25;0.2
44.5;0.28
44.75;0.24
45;0.32
45.25;0.24
45.5;0.28
45.75;0.24
46;0.32
46.25;0.24
46.5;0.28
46.75;0.28
47;0.32
47.25;0.24
47.5;0.28
47.75;0.28
48;0.32
48.25;0.24
48.5;0.32
48.75;0.28
49;0.32
49.25;0.24
49.5;0.28
49.75;0.32
50;0.36
50.25;0.24
50.5;0.32
50.75;0.32
51;0.36
51.25;0.28
51.5;0.32
51.75;0.32
52;0.36
52.25;0.28
52.5;0.32
52.75;0.32
53;0.36
53.25;0.28
53.5;0.32
53.75;0.36
54;0.36
54.25;0.28
54.5;0.32
54.75;0.36
55;0.4
55.25;0.28
55.5;0.32
55.75;0.32
56;0.4
56.25;0.32
56.5;0.36
56.75;0.32
57;0.4
57.25;0.32
57.5;0.36
57.75;0.36
58;0.4
58.25;0.32
58.5;0.36
58.75;0.36
59;0.4
59.25;0.32
59.5;0.4
59.75;0.36
60;0.4
60.25;0.32
60.5;0.36
60.75;0.4
61;0.44
61.25;0.32
61.5;0.4
61.75;0.4
62;0.44
62.25;0.36
62.5;0.4
62.75;0.4
63;0.44
63.25;0.36
63.5;0.4
63.75;0.4
64;0.44
64.25;0.36
64.5;0.4
64.75;0.4
65;0.44
65.25;0.36
65.5;0.4
65.75;0.4
66;0.48
66.25;0.36
66.5;0.44
66.75;0.4
67;0.48
67.25;0.4
67.5;0.44
67.75;0.44
68;0.48
68.25;0.4
68.5;0.44
68.75;0.4
69;0.48
69.25;0.4
69.5;0.44
69.75;0.4
70;0.52
70.25;0.4
70.5;0.44
70.75;0.44
71;0.48
71.25;0.4
71.5;0.44
71.75;0.44
72;0.52
72.25;0.4
72.5;0.44
72.75;0.44
73;0.52
73.25;0.44
73.5;0.48
73.75;0.48
74;0.52
74.25;0.44
74.5;0.48
74.75;0.48
75;0.52
75.25;0.44
75.5;0.48
75.75;0.48
76;0.52
76.25;0.44
76.5;0.48
76.75;0.48
77;0.56
77.25;0.44
77.5;0.52
77.75;0.52
78;0.56
78.25;0.48
78.5;0.52
78.75;0.52
79;0.56
79.25;0.48
79.5;0.52
79.75;0.52
80;0.56
80.25;0.48
80.5;0.52
80.75;0.52
81;0.56
81.25;0.48
81.5;0.52
81.75;0.56
82;0.56
82.25;0.48
82.5;0.56
82.75;0.52
83;0.6
83.25;0.48
83.5;0.56
83.75;0.52
84;0.6
84.25;0.52
84.5;0.56
84.75;0.56
85;0.6
85.25;0.52
85.5;0.56
85.75;0.56
86;0.6
86.25;0.52
86.5;0.6
86.75;0.56
87;0.6
87.25;0.52
87.5;0.6
87.75;0.56
88;0.64
88.25;0.52
88.5;0.56
88.75;0.56
89;0.64
89.25;0.52
89.5;0.6
89.75;0.6
90;0.64
90.25;0.56
90.5;0.6
90.75;0.56
91;0.64
91.25;0.56
91.5;0.6
91.75;0.6
92;0.64
92.25;0.56
92.5;0.6
92.75;0.6
93;0.68
93.25;0.56
93.5;0.64
93.75;0.6
94;0.64
94.25;0.56
94.5;0.64
94.75;0.6
95;0.68
95.25;0.56
95.5;0.6
95.75;0.64
96;0.68
96.25;0.6
96.5;0.64
96.75;0.6
97;0.68
97.25;0.6
97.5;0.64
97.75;0.64
98;0.68
98.25;0.6
98.5;0.64
98.75;0.64
99;0.72
99.25;0.6
99.5;0.64
99.75;0.64
100;0.72
100.25;0.6
100.5;0.64
100.75;0.68
101;0.72
101.25;0.64
101.5;0.68
101.75;0.68
102;0.72
102.25;0.64
102.5;0.68
102.75;0.68
103;0.72
103.25;0.64
103.5;0.68
103.75;0.68
104;0.72
104.25;0.64
104.5;0.68
104.75;0.68
105;0.76
105.25;0.64
105.5;0.68
105.75;0.72
106;0.76
106.25;0.68
106.5;0.72
106.75;0.72
107;0.76
107.25;0.68
107.5;0.72
107.75;0.72
108;0.76
108.25;0.68
108.5;0.68
108.75;0.72
109;0.76
109.25;0.68
109.5;0.72
109.75;0.72
110;0.76
110.25;0.68
110.5;0.76
110.75;0.76
111;0.8
111.25;0.68
111.5;0.76
111.75;0.76
112;0.8
112.25;0.72
112.5;0.76
112.75;0.76
113;0.8
113.25;0.72
113.5;0.76
113.75;0.76
114;0.8
114.25;0.72
114.5;0.76
114.75;0.76
115;0.8
115.25;0.72
115.5;0.76
115.75;0.76
116;0.84
116.25;0.72
116.5;0.8
116.75;0.8
117;0.84
117.25;0.76
117.5;0.8
117.75;0.76
118;0.84
118.25;0.76
118.5;0.8
118.75;0.8
119;0.84
119.25;0.76
119.5;0.8
119.75;0.8
120;0.84
120.25;0.76
120.5;0.8
120.75;0.8
121;0.88
121.25;0.76
121.5;0.84
121.75;0.8
122;0.88
122.25;0.76
122.5;0.8
122.75;0.8
123;0.88
123.25;0.76
123.5;0.84
123.75;0.84
124;0.88
124.25;0.8
124.5;0.84
124.75;0.84
125;0.88
125.25;0.8
125.5;0.84
125.75;0.84
126;0.88
126.25;0.8
126.5;0.84
126.75;0.84
127;0.92
127.25;0.8
127.5;0.84
127.75;0.88
128;0.92
128.25;0.8
128.5;0.88
128.75;0.84
129;0.92
129.25;0.84
129.5;0.88
129.75;0.88
130;0.92
130.25;0.84
130.5;0.88
130.75;0.88
131;0.92
131.25;0.84
131.5;0.88
131.75;0.88
132;0.92
132.25;0.84
132.5;0.92
132.75;0.88
133;0.96
133.25;0.84
133.5;0.88
133.75;0.92
134;0.96
134.25;0.88
134.5;0.92
134.75;0.92
135;0.96
135.25;0.88
135.5;0.92
135.75;0.92
136;0.96
136.25;0.88
136.5;0.92
136.75;0.92
137;0.96
137.25;0.88
137.5;0.96
137.75;0.92
138;1
138.25;0.88
138.5;0.96
138.75;0.92
139;1
139.25;0.88
139.5;0.96
139.75;0.96
140;1
140.25;0.92
140.5;0.96
140.75;0.96
141;1
141.25;0.92
141.5;0.96
141.75;0.96
142;1
142.25;0.92
142.5;0.96
142.75;0.96
143;1.04
143.25;0.92
143.5;1
143.75;1
144;1.04
144.25;0.92
144.5;1
144.75;1
145;1.04
145.25;0.96
145.5;0.96
145.75;1
146;1.04
146.25;0.96
146.5;1
146.75;1
147;1.04
147.25;0.96
147.5;1
147.75;1
148;1.04
148.25;0.96
148.5;1
148.75;1
149;1.08
149.25;0.96
149.5;1.04
149.75;1
150;1.08
150.25;0.96
150.5;1.04
150.75;1
151;1.08
151.25;1
151.5;1.04
151.75;1
152;1.08
152.25;1
152.5;1.04
152.75;1.04
153;1.08
153.25;1
153.5;1.04
153.75;1.04
154;1.08
154.25;1
154.5;1.04
154.75;1.04
155;1.12
155.25;1
155.5;1.04
155.75;1.04
156;1.12
156.25;1
156.5;1.08
156.75;1.08
157;1.12
157.25;1.04
157.5;1.08
157.75;1.08
158;1.12
158.25;1.04
158.5;1.08
158.75;1.08
159;1.12
159.25;1.04
159.5;1.08
159.75;1.08
160;1.12
160.25;1.04
160.5;1.08
160.75;1.08
161;1.16
161.25;1.08
161.5;1.12
161.75;1.08
162;1.16
162.25;1.04
162.5;1.12
162.75;1.12
163;1.16
163.25;1.08
163.5;1.12
163.75;1.12
164;1.16
164.25;1.08
164.5;1.12
164.75;1.12
165;1.16
165.25;1.08
165.5;1.16
165.75;1.16
166;1.16
166.25;1.08
166.5;1.16
166.75;1.16
167;1.2
167.25;1.08
167.5;1.16
167.75;1.16
168;1.2
168.25;1.12
168.5;1.12
168.75;1.16
169;1.2
169.25;1.12
169.5;1.16
169.75;1.16
170;1.2
170.25;1.12
170.5;1.16
170.75;1.16
171;1.2
171.25;1.12
171.5;1.16
171.75;1.16
172;1.2
172.25;1.16
172.5;1.2
172.75;1.16
173;1.24
173.25;1.16
173.5;1.2
173.75;1.16
174;1.24
174.25;1.16
174.5;1.16
174.75;1.2
175;1.24
175.25;1.16
175.5;1.24
175.75;1.2
176;1.24
176.25;1.16
176.5;1.2
176.75;1.2
177;1.28
177.25;1.16
177.5;1.24
177.75;1.2
178;1.28
178.25;1.2
178.5;1.24
178.75;1.24
179;1.28
179.25;1.2
179.5;1.2
179.75;1.24
180;1.28
180.25;1.2
180.5;1.24
180.75;1.24
181;1.28
181.25;1.2
181.5;1.24
181.75;1.24
182;1.28
182.25;1.2
182.5;1.24
182.75;1.24
183;1.32
183.25;1.2
183.5;1.28
183.75;1.28
184;1.32
184.25;1.24
184.5;1.28
184.75;1.28
185;1.32
185.25;1.24
185.5;1.28
185.75;1.28
186;1.32
186.25;1.24
186.5;1.28
186.75;1.28
187;1.32
187.25;1.24
187.5;1.28
187.75;1.28
188;1.32
188.25;1.24
188.5;1.32
188.75;1.28
189;1.36
189.25;1.24
189.5;1.28
189.75;1.32
190;1.36
190.25;1.28
190.5;1.32
190.75;1.32
191;1.36
191.25;1.28
191.5;1.32
191.75;1.32
192;1.36
192.25;1.28
192.5;1.32
192.75;1.32
193;1.36
193.25;1.28
193.5;1.32
193.75;1.32
194;1.4
194.25;1.28
194.5;1.36
194.75;1.32
195;1.4
195.25;1.32
195.5;1.32
195.75;1.36
196;1.4
196.25;1.32
196.5;1.36
196.75;1.36
197;1.4
197.25;1.32
197.5;1.36
197.75;1.36
198;1.4
198.25;1.32
198.5;1.36
198.75;1.36
199;1.4
199.25;1.32
199.5;1.36
199.75;1.4
200;1.44
200.25;1.32
200.5;1.4
200.75;1.36
201;1.44
201.25;1.36
201.5;1.4
201.75;1.4
202;1.44
202.25;1.36
202.5;1.36
202.75;1.4
203;1.44
203.25;1.36
203.5;1.44
203.75;1.4
204;1.44
204.25;1.36
204.5;1.4
204.75;1.4
205;1.48
205.25;1.36
205.5;1.4
205.75;1.4
206;1.48
206.25;1.4
206.5;1.44
206.75;1.44
207;1.48
207.25;1.4
207.5;1.44
207.75;1.44
208;1.48
208.25;1.4
208.5;1.44
208.75;1.44
209;1.48
209.25;1.4
209.5;1.48
209.75;1.44
210;1.48
210.25;1.4
210.5;1.44
210.75;1.44
211;1.52
211.25;1.4
211.5;1.48
211.75;1.44
212;1.52
212.25;1.44
212.5;1.48
212.75;1.48
213;1.52
213.25;1.44
213.5;1.48
213.75;1.48
214;1.52
214.25;1.44
214.5;1.48
214.75;1.52
215;1.52
215.25;1.44
215.5;1.48
215.75;1.52
216;1.52
216.25;1.44
216.5;1.52
216.75;1.52
217;1.56
217.25;1.48
217.5;1.52
217.75;1.52
218;1.56
218.25;1.48
218.5;1.52
218.75;1.48
219;1.56
219.25;1.48
219.5;1.52
219.75;1.52
220;1.56
220.25;1.48
220.5;1.56
220.75;1.52
221;1.56
221.25;1.48
221.5;1.52
221.75;1.56
222;1.6
222.25;1.48
222.5;1.56
222.75;1.56
223;1.6
223.25;1.52
223.5;1.56
223.75;1.56
224;1.6
224.25;1.52
224.5;1.56
224.75;1.56
225;1.6
225.25;1.52
225.5;1.6
225.75;1.56
226;1.6
226.25;1.52
226.5;1.56
226.75;1.56
227;1.6
227.25;1.52
227.5;1.6
227.75;1.6
228;1.64
228.25;1.52
228.5;1.6
228.75;1.6
229;1.64
229.25;1.56
229.5;1.56
229.75;1.6
230;1.64
230.25;1.56
230.5;1.6
230.75;1.6
231;1.64
231.25;1.56
231.5;1.6
231.75;1.6
232;1.64
232.25;1.56
232.5;1.6
232.75;1.64
233;1.64
233.25;1.56
233.5;1.6
233.75;1.6
234;1.68
234.25;1.56
234.5;1.64
234.75;1.6
235;1.68
235.25;1.6
235.5;1.64
235.75;1.64
236;1.68
236.25;1.6
236.5;1.64
236.75;1.64
237;1.68
237.25;1.6
237.5;1.64
237.75;1.64
238;1.68
238.25;1.6
238.5;1.64
238.75;1.68
239;1.72
239.25;1.6
239.5;1.68
239.75;1.68
240;1.72
240.25;1.64
240.5;1.68
240.75;1.64
241;1.72
241.25;1.64
241.5;1.68
241.75;1.68
242;1.72
242.25;1.64
242.5;1.68
242.75;1.68
243;1.72
243.25;1.64
243.5;1.68
243.75;1.68
244;1.76
244.25;1.64
244.5;1.68
244.75;1.72
245;1.76
245.25;1.68
245.5;1.72
245.75;1.72
246;1.76
246.25;1.68
246.5;1.72
246.75;1.72
247;1.76
247.25;1.68
247.5;1.72
247.75;1.72
248;1.76
248.25;1.68
248.5;1.72
248.75;1.72
249;1.76
249.25;1.68
249.5;1.72
249.75;1.72
250;1.8
250.25;1.68
250.5;1.72
250.75;1.72
251;1.8
251.25;1.72
251.5;1.76
251.75;1.76
252;1.8
252.25;1.72
252.5;1.76
252.75;1.76
253;1.8
253.25;1.72
253.5;1.76
253.75;1.76
254;1.8
254.25;1.72
254.5;1.76
254.75;1.76
255;1.8
255.25;1.72
255.5;1.76
255.75;1.8
256;1.84
256.25;1.72
256.5;1.8
256.75;1.8
257;1.84
257.25;1.76
257.5;1.8
257.75;1.8
258;1.84
258.25;1.76
258.5;1.8
258.75;1.8
259;1.84
259.25;1.76
259.5;1.8
259.75;1.84
260;1.88
260.25;1.76
260.5;1.8
260.75;1.8
261;1.88
261.25;1.76
261.5;1.8
261.75;1.8
262;1.88
262.25;1.76
262.5;1.84
262.75;1.84
263;1.88
263.25;1.8
263.5;1.84
263.75;1.84
264;1.88
264.25;1.8
264.5;1.84
264.75;1.84
265;1.88
265.25;1.8
265.5;1.84
265.75;1.84
266;1.92
266.25;1.8
266.5;1.88
266.75;1.84
267;1.92
267.25;1.8
267.5;1.88
267.75;1.88
268;1.92
268.25;1.84
268.5;1.88
268.75;1.88
269;1.92
269.25;1.84
269.5;1.88
269.75;1.88
270;1.92
270.25;1.84
270.5;1.88
270.75;1.88
271;1.92
271.25;1.84
271.5;1.88
271.75;1.92
272;1.96
272.25;1.84
272.5;1.88
272.75;1.92
273;1.96
273.25;1.84
273.5;1.92
273.75;1.92
274;1.96
274.25;1.88
274.5;1.92
274.75;1.92
275;1.96
275.25;1.88
275.5;1.92
275.75;1.92
276;1.96
276.25;1.88
276.5;1.92
276.75;1.92
277;2
277.25;1.88
277.5;1.96
277.75;1.96
278;2
278.25;1.88
278.5;1.96
278.75;1.96
279;2
279.25;1.88
279.5;1.96
279.75;1.96
280;2
280.25;1.92
280.5;1.96
280.75;1.96
281;2
281.25;1.92
281.5;1.96
281.75;1.96
282;2
282.25;1.92
282.5;2
282.75;1.96
283;2.04
283.25;1.92
283.5;2
283.75;1.96
284;2.04
284.25;1.96
284.5;2
284.75;2
285;2.04
285.25;1.96
285.5;2
285.75;2
286;2.04
286.25;1.96
286.5;2
286.75;2
287;2.04
287.25;1.96
287.5;2.04
287.75;2
288;2.04
288.25;1.96
288.5;2.04
288.75;2
289;2.08
289.25;1.96
289.5;2
289.75;2
290;2.08
290.25;1.96
290.5;2.04
290.75;2
291;2.08
291.25;2
291.5;2.04
291.75;2.04
292;2.08
292.25;2
292.5;2.04
292.75;2.04
293;2.08
293.25;2
293.5;2.04
293.75;2.04
294;2.12
294.25;2
294.5;2.04
294.75;2.08
295;2.12
295.25;2.04
295.5;2.04
295.75;2.08
296;2.12
296.25;2.04
296.5;2.08
296.75;2.08
297;2.12
297.25;2.04
297.5;2.08
297.75;2.08
298;2.12
298.25;2.04
298.5;2.08
298.75;2.08
299;2.12
299.25;2.04
299.5;2.08
299.75;2.08
300;2.16
300.25;2.04
300.5;2.12
300.75;2.12
301;2.16
301.25;2.04
301.5;2.12
301.75;2.12
302;2.16
302.25;2.08
302.5;2.12
302.75;2.08
303;2.16
303.25;2.08
303.5;2.12
303.75;2.12
304;2.16
304.25;2.08
304.5;2.12
304.75;2.12
305;2.16
305.25;2.08
305.5;2.12
305.75;2.16
306;2.2
306.25;2.12
306.5;2.16
306.75;2.16
307;2.2
307.25;2.08
307.5;2.16
307.75;2.16
308;2.2
308.25;2.12
308.5;2.16
308.75;2.16
309;2.2
309.25;2.12
309.5;2.16
309.75;2.16
310;2.2
310.25;2.12
310.5;2.16
310.75;2.16
311;2.24
311.25;2.12
311.5;2.16
311.75;2.2
312;2.24
312.25;2.12
312.5;2.2
312.75;2.16
313;2.24
313.25;2.16
313.5;2.2
313.75;2.2
314;2.24
314.25;2.16
314.5;2.2
314.75;2.2
315;2.24
315.25;2.16
315.5;2.24
315.75;2.2
316;2.24
316.25;2.16
316.5;2.2
316.75;2.24
317;2.28
317.25;2.16
317.5;2.24
317.75;2.2
318;2.28
318.25;2.2
318.5;2.24
318.75;2.2
319;2.28
319.25;2.2
319.5;2.24
319.75;2.24
320;2.28
320.25;2.2
320.5;2.24
320.75;2.24
321;2.28
321.25;2.2
321.5;2.28
321.75;2.28
322;2.32
322.25;2.2
322.5;2.24
322.75;2.28
323;2.32
323.25;2.2
323.5;2.28
323.75;2.28
324;2.32
324.25;2.24
324.5;2.28
324.75;2.28
325;2.32
325.25;2.24
325.5;2.28
325.75;2.28
326;2.32
326.25;2.24
326.5;2.28
326.75;2.28
327;2.36
327.25;2.24
327.5;2.32
327.75;2.28
328;2.36
328.25;2.24
328.5;2.28
328.75;2.28
329;2.36
329.25;2.28
329.5;2.32
329.75;2.32
330;2.36
330.25;2.28
330.5;2.32
330.75;2.32
331;2.36
331.25;2.28
331.5;2.32
331.75;2.32
332;2.36
332.25;2.28
332.5;2.32
332.75;2.32
333;2.4
333.25;2.28
333.5;2.32
333.75;2.32
334;2.4
334.25;2.28
334.5;2.36
334.75;2.36
335;2.4
335.25;2.32
335.5;2.32
335.75;2.32
336;2.4
336.25;2.32
336.5;2.36
336.75;2.36
337;2.4
337.25;2.32
337.5;2.36
337.75;2.36
338;2.4
338.25;2.32
338.5;2.4
338.75;2.4
339;2.44
339.25;2.32
339.5;2.4
339.75;2.36
340;2.44
340.25;2.32
340.5;2.4
340.75;2.4
341;2.44
341.25;2.36
341.5;2.4
341.75;2.4
342;2.44
342.25;2.36
342.5;2.4
342.75;2.4
343;2.44
343.25;2.36
343.5;2.44
343.75;2.4
344;2.44
344.25;2.36
344.5;2.4
344.75;2.4
345;2.48
345.25;2.4
345.5;2.44
345.75;2.44
346;2.48
346.25;2.4
346.5;2.44
346.75;2.44
347;2.48
347.25;2.4
347.5;2.44
347.75;2.44
348;2.48
348.25;2.4
348.5;2.44
348.75;2.44
349;2.48
349.25;2.4
349.5;2.48
349.75;2.48
350;2.52
350.25;2.4
350.5;2.44
350.75;2.48
351;2.52
351.25;2.44
351.5;2.48
351.75;2.48
352;2.52
352.25;2.44
352.5;2.48
352.75;2.48
353;2.52
353.25;2.44
353.5;2.48
353.75;2.48
354;2.52
354.25;2.44
354.5;2.48
354.75;2.52
355;2.52
355.25;2.44
355.5;2.48
355.75;2.52
356;2.56
356.25;2.44
356.5;2.52
356.75;2.52
357;2.56
357.25;2.48
357.5;2.52
357.75;2.52
358;2.56
358.25;2.48
358.5;2.52
358.75;2.52
359;2.56
359.25;2.48
359.5;2.52
359.75;2.52
360;2.56
360.25;2.48
360.5;2.56
360.75;2.52
361;2.6
361.25;2.48
361.5;2.56
361.75;2.56
362;2.6
362.25;2.52
362.5;2.56
362.75;2.56
363;2.6
363.25;2.52
363.5;2.56
363.75;2.56
364;2.6
364.25;2.52
364.5;2.6
364.75;2.56
365;2.64
365.25;2.52
365.5;2.6
365.75;2.56
366;2.64
366.25;2.52
366.5;2.56
366.75;2.56
367;2.64
367.25;2.52
367.5;2.6
367.75;2.6
368;2.64
368.25;2.56
368.5;2.6
368.75;2.6
369;2.64
369.25;2.56
369.5;2.6
369.75;2.6
370;2.64
370.25;2.56
370.5;2.64
370.75;2.6
371;2.64
371.25;2.56
371.5;2.6
371.75;2.6
372;2.64
372.25;2.56
372.5;2.64
372.75;2.64
373;2.68
373.25;2.6
373.5;2.64
373.75;2.64
374;2.68
374.25;2.6
374.5;2.64
374.75;2.64
375;2.68
375.25;2.6
375.5;2.64
375.75;2.64
376;2.68
376.25;2.6
376.5;2.64
376.75;2.64
377;2.68
377.25;2.6
377.5;2.64
377.75;2.68
378;2.72
378.25;2.6
378.5;2.68
378.75;2.68
379;2.72
379.25;2.64
379.5;2.68
379.75;2.68
380;2.72
380.25;2.64
380.5;2.68
380.75;2.68
381;2.72
381.25;2.64
381.5;2.68
381.75;2.68
382;2.76
382.25;2.64
382.5;2.72
382.75;2.72
383;2.72
383.25;2.64
383.5;2.68
383.75;2.68
384;2.76
384.25;2.64
384.5;2.72
384.75;2.72
385;2.76
385.25;2.68
385.5;2.72
385.75;2.68
386;2.76
386.25;2.68
386.5;2.72
386.75;2.72
387;2.76
387.25;2.68
387.5;2.72
387.75;2.72
388;2.76
388.25;2.68
388.5;2.76
388.75;2.76
389;2.8
389.25;2.68
389.5;2.76
389.75;2.76
390;2.8
390.25;2.72
390.5;2.76
390.75;2.76
391;2.8
391.25;2.72
391.5;2.76
391.75;2.76
392;2.8
392.25;2.72
392.5;2.76
392.75;2.76
393;2.8
393.25;2.72
393.5;2.76
393.75;2.76
394;2.8
394.25;2.72
394.5;2.8
394.75;2.76
395;2.84
395.25;2.72
395.5;2.76
395.75;2.76
396;2.84
396.25;2.76
396.5;2.8
396.75;2.8
397;2.84
397.25;2.76
397.5;2.8
397.75;2.8
398;2.84
398.25;2.76
398.5;2.8
398.75;2.8
399;2.84
399.25;2.76
399.5;2.8
399.75;2.8
400;2.88
400.25;2.76
400.5;2.8
400.75;2.84
401;2.88
401.25;2.8
401.5;2.8
401.75;2.84
402;2.88
402.25;2.8
402.5;2.84
402.75;2.84
403;2.88
403.25;2.8
403.5;2.84
403.75;2.84
404;2.88
404.25;2.8
404.5;2.84
404.75;2.84
405;2.88
405.25;2.8
405.5;2.88
405.75;2.88
406;2.92
406.25;2.8
406.5;2.88
406.75;2.84
407;2.92
407.25;2.84
407.5;2.84
407.75;2.88
408;2.92
408.25;2.84
408.5;2.84
408.75;2.88
409;2.92
409.25;2.84
409.5;2.88
409.75;2.92
410;2.92
410.25;2.84
410.5;2.88
410.75;2.92
411;2.96
411.25;2.84
411.5;2.88
411.75;2.92
412;2.96
412.25;2.88
412.5;2.92
412.75;2.92
413;2.96
413.25;2.88
413.5;2.92
413.75;2.92
414;2.96
414.25;2.88
414.5;2.92
414.75;2.92
415;2.96
415.25;2.88
415.5;2.92
415.75;2.92
416;2.96
416.25;2.88
416.5;2.96
416.75;2.96
417;3
417.25;2.92
417.5;2.96
417.75;2.96
418;3
418.25;2.88
418.5;2.92
418.75;2.96
419;3
419.25;2.92
419.5;2.96
419.75;2.96
420;3
420.25;2.92
420.5;3
420.75;2.96
421;3
421.25;2.92
421.5;2.96
421.75;2.96
422;3.04
422.25;2.92
422.5;3
422.75;3
423;3.04
423.25;2.96
423.5;3
423.75;2.96
424;3.04
424.25;2.96
424.5;3
424.75;3
425;3.04
425.25;2.96
425.5;3
425.75;3
426;3.04
426.25;2.96
426.5;3
426.75;3
427;3.04
427.25;2.96
427.5;3
427.75;3
428;3.08
428.25;2.96
428.5;3.04
428.75;3
429;3.08
429.25;3
429.5;3.04
429.75;3.04
430;3.08
430.25;3
430.5;3.04
430.75;3.04
431;3.08
431.25;3
431.5;3.04
431.75;3.04
432;3.08
432.25;3
432.5;3.04
432.75;3.04
433;3.12
433.25;3
433.5;3.08
433.75;3.04
434;3.12
434.25;3.04
434.5;3.08
434.75;3.04
435;3.12
435.25;3.04
435.5;3.04
435.75;3.08
436;3.12
436.25;3.04
436.5;3.08
436.75;3.08
437;3.12
437.25;3.04
437.5;3.08
437.75;3.08
438;3.12
438.25;3.04
438.5;3.08
438.75;3.08
439;3.16
439.25;3.04
439.5;3.08
439.75;3.12
440;3.16
440.25;3.08
440.5;3.12
440.75;3.12
441;3.16
441.25;3.08
441.5;3.12
441.75;3.12
442;3.16
442.25;3.08
442.5;3.12
442.75;3.12
443;3.16
443.25;3.08
443.5;3.16
443.75;3.12
444;3.2
444.25;3.08
444.5;3.16
444.75;3.12
445;3.2
445.25;3.08
445.5;3.16
445.75;3.12
446;3.2
446.25;3.12
446.5;3.16
446.75;3.16
447;3.2
447.25;3.12
447.5;3.16
447.75;3.16
448;3.2
448.25;3.12
448.5;3.16
448.75;3.16
449;3.2
449.25;3.12
449.5;3.16
449.75;3.16
450;3.24
450.25;3.12
450.5;3.16
450.75;3.2
451;3.24
451.25;3.16
451.5;3.2
451.75;3.16
452;3.24
452.25;3.16
452.5;3.2
452.75;3.2
453;3.24
453.25;3.16
453.5;3.2
453.75;3.2
454;3.24
454.25;3.16
454.5;3.2
454.75;3.2
455;3.28
455.25;3.16
455.5;3.2
455.75;3.2
456;3.28
456.25;3.16
456.5;3.2
456.75;3.24
457;3.28
457.25;3.2
457.5;3.24
457.75;3.24
458;3.28
458.25;3.2
458.5;3.24
458.75;3.24
459;3.28
459.25;3.2
459.5;3.24
459.75;3.24
460;3.28
460.25;3.2
460.5;3.28
460.75;3.28
461;3.32
461.25;3.2
461.5;3.24
461.75;3.28
462;3.32
462.25;3.24
462.5;3.28
462.75;3.28
463;3.32
463.25;3.24
463.5;3.28
463.75;3.28
464;3.32
464.25;3.24
464.5;3.28
464.75;3.28
465;3.32
465.25;3.24
465.5;3.28
465.75;3.28
466;3.36
466.25;3.24
466.5;3.32
466.75;3.28
467;3.36
467.25;3.24
467.5;3.32
467.75;3.28
468;3.36
468.25;3.28
468.5;3.32
468.75;3.32
469;3.36
469.25;3.28
469.5;3.32
469.75;3.32
470;3.36
470.25;3.28
470.5;3.32
470.75;3.32
471;3.36
471.25;3.28
471.5;3.32
471.75;3.32
472;3.36
472.25;3.28
472.5;3.32
472.75;3.36
473;3.4
473.25;3.28
473.5;3.36
473.75;3.32
474;3.4
474.25;3.28
474.5;3.36
474.75;3.36
475;3.4
475.25;3.32
475.5;3.36
475.75;3.36
476;3.4
476.25;3.32
476.5;3.36
476.75;3.4
477;3.4
477.25;3.32
477.5;3.36
477.75;3.36
478;3.4
478.25;3.32
478.5;3.36
478.75;3.4
479;3.44
479.25;3.36
479.5;3.4
479.75;3.36
480;3.44
480.25;3.36
480.5;3.4
480.75;3.4
481;3.44
481.25;3.36
481.5;3.44
481.75;3.4
482;3.44
482.25;3.36
482.5;3.44
482.75;3.4
483;3.48
483.25;3.36
483.5;3.4
483.75;3.44
484;3.48
484.25;3.36
484.5;3.4
484.75;3.44
485;3.48
485.25;3.4
485.5;3.44
485.75;3.44
486;3.48
486.25;3.4
486.5;3.44
486.75;3.44
487;3.48
487.25;3.4
487.5;3.44
487.75;3.44
488;3.48
488.25;3.4
488.5;3.44
488.75;3.48
489;3.48
489.25;3.4
489.5;3.44
489.75;3.44
490;3.52
490.25;3.44
490.5;3.48
490.75;3.48
491;3.52
491.25;3.44
491.5;3.48
491.75;3.48
492;3.52
492.25;3.44
492.5;3.48
492.75;3.48
493;3.52
493.25;3.44
493.5;3.48
493.75;3.48
494;3.52
494.25;3.44
494.5;3.48
494.75;3.48
495;3.56
495.25;3.44
495.5;3.52
495.75;3.52
496;3.56
496.25;3.48
496.5;3.52
496.75;3.48
497;3.56
497.25;3.48
497.5;3.52
497.75;3.52
498;3.56
498.25;3.48
498.5;3.52
498.75;3.52
499;3.56
499.25;3.48
499.5;3.52
499.75;3.52
500;3.56
500.25;3.48
500.5;3.52
500.75;3.52
501;3.6
501.25;3.52
501.5;3.56
501.75;3.52
502;3.6
502.25;3.52
502.5;3.56
502.75;3.56
503;3.6
503.25;3.52
503.5;3.56
503.75;3.56
504;3.6
504.25;3.52
504.5;3.56
504.75;3.56
505;3.64
505.25;3.52
505.5;3.6
505.75;3.6
506;3.64
506.25;3.52
506.5;3.56
506.75;3.6
507;3.64
507.25;3.56
507.5;3.6
507.75;3.6
508;3.64
508.25;3.56
508.5;3.6
508.75;3.6
509;3.64
509.25;3.56
509.5;3.6
509.75;3.6
510;3.68
510.25;3.56
510.5;3.6
510.75;3.64
511;3.68
511.25;3.56
511.5;3.64
511.75;3.64
512;3.68
512.25;3.56
512.5;3.6
512.75;3.64
513;3.68
513.25;3.6
513.5;3.6
513.75;3.64
514;3.68
514.25;3.6
514.5;3.64
514.75;3.64
515;3.68
515.25;3.6
515.5;3.64
515.75;3.64
516;3.72
516.25;3.6
516.5;3.64
516.75;3.64
517;3.72
517.25;3.6
517.5;3.68
517.75;3.68
518;3.72
518.25;3.6
518.5;3.68
518.75;3.64
519;3.72
519.25;3.64
519.5;3.68
519.75;3.72
520;3.72
520.25;3.64
520.5;3.68
520.75;3.68
521;3.72
521.25;3.64
521.5;3.72
521.75;3.68
522;3.72
522.25;3.64
522.5;3.72
522.75;3.72
523;3.76
523.25;3.68
523.5;3.68
523.75;3.68
524;3.76
524.25;3.68
524.5;3.72
524.75;3.72
525;3.76
525.25;3.68
525.5;3.72
525.75;3.72
526;3.76
526.25;3.68
526.5;3.72
526.75;3.72
527;3.76
527.25;3.68
527.5;3.72
527.75;3.72
528;3.76
528.25;3.68
528.5;3.76
528.75;3.76
529;3.8
529.25;3.68
529.5;3.76
529.75;3.76
530;3.8
530.25;3.72
530.5;3.76
530.75;3.76
531;3.8
531.25;3.72
531.5;3.76
531.75;3.8
532;3.8
532.25;3.72
532.5;3.76
532.75;3.76
533;3.8
533.25;3.72
533.5;3.8
533.75;3.8
534;3.84
534.25;3.72
534.5;3.76
534.75;3.8
535;3.84
535.25;3.76
535.5;3.8
535.75;3.8
536;3.84
536.25;3.76
536.5;3.8
536.75;3.8
537;3.84
537.25;3.76
537.5;3.8
537.75;3.84
538;3.84
538.25;3.76
538.5;3.84
538.75;3.84
539;3.88
539.25;3.76
539.5;3.84
539.75;3.84
540;3.88
540.25;3.76
540.5;3.84
540.75;3.84
541;3.88
541.25;3.8
541.5;3.84
541.75;3.84
542;3.88
542.25;3.8
542.5;3.8
542.75;3.84
543;3.88
543.25;3.8
543.5;3.88
543.75;3.84
544;3.88
544.25;3.76
544.5;3.84
544.75;3.84
545;3.92
545.25;3.8
545.5;3.84
545.75;3.84
546;3.92
546.25;3.84
546.5;3.88
546.75;3.88
547;3.92
547.25;3.84
547.5;3.88
547.75;3.88
548;3.92
548.25;3.84
548.5;3.88
548.75;3.88
549;3.92
549.25;3.84
549.5;3.88
549.75;3.88
550;3.92
550.25;3.84
550.5;3.88
550.75;3.92
551;3.96
551.25;3.84
551.5;3.92
551.75;3.88
552;3.96
552.25;3.84
552.5;3.92
552.75;3.92
553;3.96
553.25;3.88
553.5;3.92
553.75;3.92
554;3.96
554.25;3.88
554.5;3.92
554.75;3.92
555;4
555.25;3.88
555.5;3.92
555.75;3.96
556;4
556.25;3.88
556.5;3.96
556.75;3.96
557;4
557.25;3.92
557.5;3.96
557.75;3.96
558;4
558.25;3.88
558.5;3.96
558.75;3.96
559;4
559.25;3.92
559.5;3.96
559.75;3.96
560;4
560.25;3.92
560.5;4
560.75;3.96
561;4
561.25;3.92
561.5;3.96
561.75;3.96
562;4.04
562.25;3.92
562.5;4
562.75;3.96
563;4.04
563.25;3.96
563.5;4
563.75;4
564;4.04
564.25;3.96
564.5;4
564.75;4
565;4.04
565.25;3.96
565.5;4
565.75;4
566;4.04
566.25;3.96
566.5;4
566.75;4
567;4.08
567.25;3.96
567.5;4
567.75;4.04
568;4.08
568.25;4
568.5;4.04
568.75;4.04
569;4.08
569.25;4
569.5;4.04
569.75;4.04
570;4.08
570.25;4
570.5;4
570.75;4.04
571;4.08
571.25;4
571.5;4.04
571.75;4.04
572;4.12
572.25;4
572.5;4.08
572.75;4.08
573;4.12
573.25;4.04
573.5;4.08
573.75;4.08
574;4.12
574.25;4.04
574.5;4.08
574.75;4.08
575;4.12
575.25;4.04
575.5;4.08
575.75;4.08
576;4.12
576.25;4.04
576.5;4.08
576.75;4.12
577;4.12
577.25;4.04
577.5;4.08
577.75;4.08
578;4.16
578.25;4.04
578.5;4.12
578.75;4.08
579;4.16
579.25;4.04
579.5;4.12
579.75;4.12
580;4.16
580.25;4.08
580.5;4.12
580.75;4.12
581;4.16
581.25;4.08
581.5;4.12
581.75;4.12
582;4.16
582.25;4.08
582.5;4.12
582.75;4.12
583;4.2
583.25;4.08
583.5;4.12
583.75;4.16
584;4.2
584.25;4.08
584.5;4.16
584.75;4.12
585;4.2
585.25;4.12
585.5;4.16
585.75;4.16
586;4.2
586.25;4.12
586.5;4.16
586.75;4.16
587;4.2
587.25;4.12
587.5;4.16
587.75;4.16
588;4.2
588.25;4.12
588.5;4.2
588.75;4.2
589;4.24
589.25;4.12
589.5;4.2
589.75;4.2
590;4.24
590.25;4.16
590.5;4.2
590.75;4.2
591;4.24
591.25;4.16
591.5;4.2
591.75;4.2
592;4.24
592.25;4.16
592.5;4.2
592.75;4.2
593;4.24
593.25;4.16
593.5;4.24
593.75;4.24
594;4.24
594.25;4.16
594.5;4.2
594.75;4.16
595;4.28
595.25;4.16
595.5;4.2
595.75;4.2
596;4.28
596.25;4.2
596.5;4.24
596.75;4.24
597;4.28
597.25;4.2
597.5;4.24
597.75;4.2
598;4.28
598.25;4.2
598.5;4.24
598.75;4.24
599;4.28
599.25;4.2
599.5;4.28
599.75;4.24
600;4.32
600.25;4.2
600.5;4.28
600.75;4.28
601;4.32
601.25;4.2
601.5;4.28
601.75;4.28
602;4.32
602.25;4.24
602.5;4.28
602.75;4.28
603;4.32
603.25;4.24
603.5;4.28
603.75;4.28
604;4.32
604.25;4.24
604.5;4.28
604.75;4.28
605;4.32
605.25;4.24
605.5;4.28
605.75;4.32
606;4.36
606.25;4.24
606.5;4.32
606.75;4.28
607;4.36
607.25;4.28
607.5;4.32
607.75;4.32
608;4.36
608.25;4.28
608.5;4.32
608.75;4.32
609;4.36
609.25;4.28
609.5;4.32
609.75;4.32
610;4.36
610.25;4.28
610.5;4.32
610.75;4.32
611;4.36
611.25;4.28
611.5;4.32
611.75;4.36
612;4.4
612.25;4.28
612.5;4.32
612.75;4.36
613;4.4
613.25;4.28
613.5;4.36
613.75;4.36
614;4.4
614.25;4.32
614.5;4.36
614.75;4.36
615;4.4
615.25;4.32
615.5;4.36
615.75;4.36
616;4.4
616.25;4.32
616.5;4.36
616.75;4.36
617;4.4
617.25;4.32
617.5;4.36
617.75;4.36
618;4.44
618.25;4.36
618.5;4.4
618.75;4.4
619;4.44
619.25;4.36
619.5;4.4
619.75;4.4
620;4.44
620.25;4.36
620.5;4.44
620.75;4.4
621;4.44
621.25;4.36
621.5;4.44
621.75;4.4
622;4.44
622.25;4.36
622.5;4.4
622.75;4.4
623;4.48
623.25;4.36
623.5;4.44
623.75;4.44
624;4.48
624.25;4.4
624.5;4.44
624.75;4.44
625;4.48
625.25;4.4
625.5;4.44
625.75;4.44
626;4.48
626.25;4.4
626.5;4.48
626.75;4.48
627;4.48
627.25;4.4
627.5;4.44
627.75;4.44
628;4.52
628.25;4.4
628.5;4.48
628.75;4.44
629;4.52
629.25;4.4
629.5;4.48
629.75;4.48
630;4.52
630.25;4.44
630.5;4.48
630.75;4.48
631;4.52
631.25;4.44
631.5;4.48
631.75;4.48
632;4.52
632.25;4.44
632.5;4.52
632.75;4.48
633;4.52
633.25;4.44
633.5;4.48
633.75;4.48
634;4.56
634.25;4.44
634.5;4.48
634.75;4.48
635;4.56
635.25;4.48
635.5;4.52
635.75;4.52
636;4.56
636.25;4.48
636.5;4.52
636.75;4.52
637;4.56
637.25;4.48
637.5;4.52
637.75;4.52
638;4.56
638.25;4.48
638.5;4.52
638.75;4.52
639;4.56
639.25;4.48
639.5;4.52
639.75;4.52
640;4.6
640.25;4.48
640.5;4.56
640.75;4.52
641;4.6
641.25;4.52
641.5;4.56
641.75;4.56
642;4.6
642.25;4.52
642.5;4.52
642.75;4.56
643;4.6
643.25;4.52
643.5;4.6
643.75;4.56
644;4.6
644.25;4.52
644.5;4.56
644.75;4.6
645;4.64
645.25;4.52
645.5;4.6
645.75;4.56
646;4.64
646.25;4.52
646.5;4.6
646.75;4.6
647;4.64
647.25;4.56
647.5;4.6
647.75;4.6
648;4.64
648.25;4.56
648.5;4.6
648.75;4.6
649;4.64
649.25;4.56
649.5;4.6
649.75;4.6
650;4.64
650.25;4.56
650.5;4.6
650.75;4.6
651;4.68
651.25;4.56
651.5;4.6
651.75;4.6
652;4.68
652.25;4.56
652.5;4.64
652.75;4.6
653;4.68
653.25;4.6
653.5;4.68
653.75;4.64
654;4.68
654.25;4.6
654.5;4.64
654.75;4.64
655;4.68
655.25;4.6
655.5;4.64
655.75;4.68
656;4.72
656.25;4.6
656.5;4.64
656.75;4.68
657;4.72
657.25;4.6
657.5;4.64
657.75;4.64
658;4.72
658.25;4.64
658.5;4.68
658.75;4.68
659;4.72
659.25;4.64
659.5;4.64
659.75;4.68
660;4.72
660.25;4.64
660.5;4.68
660.75;4.72
661;4.72
661.25;4.64
661.5;4.68
661.75;4.68
662;4.76
662.25;4.64
662.5;4.72
662.75;4.68
663;4.76
663.25;4.68
663.5;4.72
663.75;4.72
664;4.76
664.25;4.68
664.5;4.72
664.75;4.72
665;4.76
665.25;4.68
665.5;4.72
665.75;4.72
666;4.76
666.25;4.68
666.5;4.76
666.75;4.72
667;4.8
667.25;4.68
667.5;4.72
667.75;4.72
668;4.8
668.25;4.72
668.5;4.72
668.75;4.72
669;4.8
669.25;4.72
669.5;4.76
669.75;4.76
670;4.8
670.25;4.72
670.5;4.8
670.75;4.76
671;4.8
671.25;4.72
671.5;4.76
671.75;4.76
672;4.8
672.25;4.72
672.5;4.8
672.75;4.76
673;4.84
673.25;4.72
673.5;4.76
673.75;4.8
674;4.84
674.25;4.76
674.5;4.8
674.75;4.8
675;4.84
675.25;4.76
675.5;4.8
675.75;4.8
676;4.84
676.25;4.76
676.5;4.8
676.75;4.84
677;4.84
677.25;4.76
677.5;4.8
677.75;4.8
678;4.88
678.25;4.76
678.5;4.8
678.75;4.8
679;4.88
679.25;4.76
679.5;4.84
679.75;4.84
680;4.88
680.25;4.8
680.5;4.84
680.75;4.8
681;4.88
681.25;4.8
681.5;4.84
681.75;4.84
682;4.88
682.25;4.8
682.5;4.84
682.75;4.84
683;4.92
683.25;4.8
683.5;4.84
683.75;4.84
684;4.92
684.25;4.8
684.5;4.88
684.75;4.88
685;4.92
685.25;4.84
685.5;4.84
685.75;4.88
686;4.92
686.25;4.84
686.5;4.88
686.75;4.88
687;4.92
687.25;4.84
687.5;4.88
687.75;4.88
688;4.92
688.25;4.84
688.5;4.88
688.75;4.88
689;4.96
689.25;4.84
689.5;4.88
689.75;4.92
690;4.96
690.25;4.84
690.5;4.92
690.75;4.92
691;4.96
691.25;4.88
691.5;4.88
691.75;4.92
692;4.96
692.25;4.88
692.5;4.92
692.75;4.92
693;4.96
693.25;4.88
693.5;4.92
693.75;4.92
694;4.96
694.25;4.88
694.5;4.92
694.75;4.92
695;4.96
695.25;4.88
695.5;4.92
695.75;4.92
696;5
696.25;4.88
696.5;4.96
696.75;4.96
697;5
697.25;4.92
697.5;4.96
697.75;4.96
698;5
698.25;4.92
698.5;4.96
698.75;4.96
699;5
699.25;4.92
699.5;4.96
699.75;4.96
700;5
700.25;4.92
700.5;4.96
700.75;5
701;5.04
701.25;4.92
701.5;5
701.75;5
702;5.04
702.25;4.96
702.5;5
702.75;4.96
703;5.04
703.25;4.96
703.5;5
703.75;5
704;5.04
704.25;4.96
704.5;5
704.75;5
705;5.04
705.25;4.96
705.5;5
705.75;5
706;5.04
706.25;4.96
706.5;5.04
706.75;5
707;5.08
707.25;4.96
707.5;5.04
707.75;5
708;5.08
708.25;5
708.5;5.04
708.75;5.04
709;5.08
709.25;5
709.5;5.04
709.75;5.04
710;5.08
710.25;5
710.5;5.04
710.75;5.04
711;5.12
711.25;5
711.5;5.04
711.75;5.04
712;5.12
712.25;5
712.5;5.08
712.75;5.04
713;5.12
713.25;5.04
713.5;5.08
713.75;5.08
714;5.12
714.25;5.04
714.5;5.08
714.75;5.08
715;5.12
715.25;5.04
715.5;5.08
715.75;5.08
716;5.12
716.25;5.04
716.5;5.08
716.75;5.08
717;5.16
717.25;5.04
717.5;5.12
717.75;5.08
718;5.16
718.25;5.04
718.5;5.12
718.75;5.12
719;5.16
719.25;5.08
719.5;5.12
719.75;5.12
720;5.16
720.25;5.08
720.5;5.12
720.75;5.12
721;5.16
721.25;5.08
721.5;5.12
721.75;5.12
722;5.16
722.25;5.08
722.5;5.12
722.75;5.12
723;5.16
723.25;5.08
723.5;5.16
723.75;5.12
724;5.2
724.25;5.08
724.5;5.16
724.75;5.16
725;5.2
725.25;5.12
725.5;5.16
725.75;5.16
726;5.2
726.25;5.12
726.5;5.2
726.75;5.16
727;5.2
727.25;5.12
727.5;5.16
727.75;5.16
728;5.24
728.25;5.12
728.5;5.2
728.75;5.16
729;5.24
729.25;5.12
729.5;5.2
729.75;5.2
730;5.24
730.25;5.16
730.5;5.2
730.75;5.2
731;5.24
731.25;5.16
731.5;5.2
731.75;5.2
732;5.24
732.25;5.16
732.5;5.2
732.75;5.2
733;5.24
733.25;5.16
733.5;5.2
733.75;5.24
734;5.24
734.25;5.16
734.5;5.2
734.75;5.24
735;5.28
735.25;5.2
735.5;5.2
735.75;5.24
736;5.28
736.25;5.16
736.5;5.24
736.75;5.24
737;5.28
737.25;5.16
737.5;5.2
737.75;5.24
738;5.28
738.25;5.16
738.5;5.24
738.75;5.2
739;5.28
739.25;5.16
739.5;5.24
739.75;5.24
740;5.28
740.25;5.16
740.5;5.2
740.75;5.24
741;5.28
741.25;5.16
741.5;5.24
741.75;5.24
742;5.28
742.25;5.16
742.5;5.24
742.75;5.2
743;5.28
743.25;5.16
743.5;5.2
743.75;5.24
744;5.28
744.25;5.16
744.5;5.24
744.75;5.24
745;5.28
745.25;5.16
745.5;5.24
745.75;5.2
746;5.28
746.25;5.16
746.5;5.2
746.75;5.24
747;5.28
747.25;5.16
747.5;5.24
747.75;5.24
748;5.28
748.25;5.2
748.5;5.2
748.75;5.24
749;5.28
749.25;5.16
749.5;5.24
749.75;5.24
750;5.28
750.25;5.16
750.5;5.24
750.75;5.2
751;5.28
751.25;5.16
751.5;5.2
751.75;5.24
752;5.28
752.25;5.2
752.5;5.24
752.75;5.24
753;5.28
753.25;5.16
753.5;5.24
753.75;5.2
754;5.28
754.25;5.2
754.5;5.24
754.75;5.2
755;5.28
755.25;5.16
755.5;5.2
