# Oscilloscope file ./2K-hall-20uA-B.bin
# Channel 1
Time / s;Voltage / V
0;1.08
0.25;1.16
0.5;1.08
0.75;1.12
1;1.12
1.25;1.16
1.5;1.08
1.75;1.12
2;1.12
2.25;1.16
2.5;1.08
2.75;1.12
3;1.12
3.25;1.16
3.5;1.08
3.75;1.12
4;1.16
4.25;1.2
4.5;1.08
4.75;1.16
5;1.16
5.25;1.2
5.5;1.08
5.75;1.16
6;1.16
6.25;1.2
6.5;1.12
6.75;1.16
7;1.16
7.25;1.2
7.5;1.12
7.75;1.16
8;1.16
8.25;1.2
8.5;1.12
8.75;1.16
9;1.16
9.25;1.24
9.5;1.12
9.75;1.16
10;1.16
10.25;1.24
10.5;1.12
10.75;1.2
11;1.2
11.25;1.24
11.5;1.16
11.75;1.2
12;1.2
12.25;1.24
12.5;1.16
12.75;1.2
13;1.2
13.25;1.24
13.5;1.16
13.75;1.2
14;1.2
14.25;1.24
14.5;1.16
14.75;1.2
15;1.2
15.25;1.28
15.5;1.16
15.75;1.24
16;1.2
16.25;1.28
16.5;1.2
16.75;1.24
17;1.2
17.25;1.28
17.5;1.2
17.75;1.24
18;1.24
18.25;1.28
18.5;1.2
18.75;1.24
19;1.24
19.25;1.28
19.5;1.2
19.75;1.24
20;1.24
20.25;1.28
20.5;1.2
20.75;1.24
21;1.28
21.25;1.32
21.5;1.2
21.75;1.24
22;1.28
22.25;1.32
22.5;1.2
22.75;1.28
23;1.28
23.25;1.32
23.5;1.24
23.75;1.28
24;1.28
24.25;1.32
24.5;1.24
24.75;1.28
25;1.28
25.25;1.32
25.5;1.24
25.75;1.28
26;1.28
26.25;1.36
26.5;1.24
26.75;1.32
27;1.32
27.25;1.36
27.5;1.28
27.75;1.32
28;1.32
28.25;1.36
28.5;1.28
28.75;1.36
29;1.32
29.25;1.36
29.5;1.28
29.75;1.32
30;1.32
30.25;1.36
30.5;1.28
30.75;1.36
31;1.32
31.25;1.4
31.5;1.28
31.75;1.32
32;1.36
32.25;1.4
32.5;1.32
32.75;1.32
33;1.32
33.25;1.4
33.5;1.28
33.75;1.36
34;1.36
34.25;1.4
34.5;1.32
34.75;1.36
35;1.36
35.25;1.4
35.5;1.32
35.75;1.36
36;1.36
36.25;1.4
36.5;1.32
36.75;1.4
37;1.36
37.25;1.44
37.5;1.32
37.75;1.36
38;1.4
38.25;1.44
38.5;1.36
38.75;1.4
39;1.4
39.25;1.44
39.5;1.36
39.75;1.4
40;1.4
40.25;1.44
40.5;1.36
40.75;1.4
41;1.4
41.25;1.44
41.5;1.36
41.75;1.4
42;1.4
42.25;1.44
42.5;1.36
42.75;1.4
43;1.44
43.25;1.48
43.5;1.36
43.75;1.4
44;1.4
44.25;1.48
44.5;1.4
44.75;1.44
45;1.48
45.25;1.48
45.5;1.4
45.75;1.44
46;1.44
46.25;1.48
46.5;1.4
46.75;1.48
47;1.44
47.25;1.48
47.5;1.4
47.75;1.44
48;1.44
48.25;1.52
48.5;1.4
48.75;1.44
49;1.48
49.25;1.52
49.5;1.4
49.75;1.48
50;1.44
50.25;1.52
50.5;1.44
50.75;1.48
51;1.48
51.25;1.52
51.5;1.44
51.75;1.48
52;1.48
52.25;1.52
52.5;1.44
52.75;1.48
53;1.48
53.25;1.52
53.5;1.44
53.75;1.48
54;1.48
54.25;1.56
54.5;1.44
54.75;1.52
55;1.52
55.25;1.56
55.5;1.48
55.75;1.52
56;1.52
56.25;1.56
56.5;1.48
56.75;1.52
57;1.52
57.25;1.56
57.5;1.48
57.75;1.56
58;1.56
58.25;1.6
58.5;1.48
58.75;1.52
59;1.56
59.25;1.56
59.5;1.48
59.75;1.56
60;1.52
60.25;1.6
60.5;1.52
60.75;1.56
61;1.52
61.25;1.6
61.5;1.52
61.75;1.56
62;1.56
62.25;1.6
62.5;1.52
62.75;1.56
63;1.56
63.25;1.6
63.5;1.52
63.75;1.56
64;1.56
64.25;1.64
64.5;1.52
64.75;1.56
65;1.56
65.25;1.64
65.5;1.52
65.75;1.6
66;1.6
66.25;1.64
66.5;1.56
66.75;1.6
67;1.6
67.25;1.64
67.5;1.56
67.75;1.56
68;1.6
68.25;1.64
68.5;1.56
68.75;1.6
69;1.6
69.25;1.64
69.5;1.56
69.75;1.64
70;1.64
70.25;1.64
70.5;1.56
70.75;1.64
71;1.64
71.25;1.68
71.5;1.6
71.75;1.64
72;1.64
72.25;1.68
72.5;1.6
72.75;1.6
73;1.64
73.25;1.68
73.5;1.6
73.75;1.64
74;1.64
74.25;1.68
74.5;1.6
74.75;1.64
75;1.64
75.25;1.68
75.5;1.6
75.75;1.68
76;1.64
76.25;1.72
76.5;1.64
76.75;1.68
77;1.68
77.25;1.72
77.5;1.64
77.75;1.68
78;1.68
78.25;1.72
78.5;1.64
78.75;1.64
79;1.68
79.25;1.72
79.5;1.64
79.75;1.68
80;1.68
80.25;1.72
80.5;1.64
80.75;1.68
81;1.68
81.25;1.76
81.5;1.64
81.75;1.68
82;1.68
82.25;1.76
82.5;1.64
82.75;1.72
83;1.72
83.25;1.76
83.5;1.68
83.75;1.72
84;1.68
84.25;1.76
84.5;1.68
84.75;1.72
85;1.72
85.25;1.76
85.5;1.68
85.75;1.76
86;1.72
86.25;1.76
86.5;1.68
86.75;1.76
87;1.72
87.25;1.8
87.5;1.68
87.75;1.76
88;1.72
88.25;1.8
88.5;1.72
88.75;1.72
89;1.76
89.25;1.8
89.5;1.72
89.75;1.76
90;1.76
90.25;1.8
90.5;1.72
90.75;1.76
91;1.76
91.25;1.8
91.5;1.72
91.75;1.76
92;1.76
92.25;1.8
92.5;1.72
92.75;1.76
93;1.76
93.25;1.84
93.5;1.72
93.75;1.8
94;1.84
94.25;1.84
94.5;1.72
94.75;1.76
95;1.76
95.25;1.84
95.5;1.76
95.75;1.8
96;1.8
96.25;1.84
96.5;1.76
96.75;1.8
97;1.8
97.25;1.84
97.5;1.76
97.75;1.84
98;1.8
98.25;1.88
98.5;1.76
98.75;1.84
99;1.84
99.25;1.88
99.5;1.76
99.75;1.8
100;1.84
100.25;1.88
100.5;1.8
100.75;1.84
101;1.84
101.25;1.88
101.5;1.8
101.75;1.84
102;1.84
102.25;1.88
102.5;1.8
102.75;1.84
103;1.84
103.25;1.88
103.5;1.8
103.75;1.88
104;1.84
104.25;1.92
104.5;1.8
104.75;1.88
105;1.84
105.25;1.92
105.5;1.84
105.75;1.88
106;1.88
106.25;1.92
106.5;1.84
106.75;1.88
107;1.88
107.25;1.92
107.5;1.84
107.75;1.88
108;1.88
108.25;1.92
108.5;1.84
108.75;1.88
109;1.92
109.25;1.92
109.5;1.84
109.75;1.88
110;1.92
110.25;1.96
110.5;1.88
110.75;1.92
111;1.92
111.25;1.96
111.5;1.88
111.75;1.92
112;1.92
112.25;1.96
112.5;1.88
112.75;1.92
113;1.92
113.25;1.96
113.5;1.88
113.75;1.96
114;1.92
114.25;1.96
114.5;1.88
114.75;1.96
115;1.92
115.25;2
115.5;1.88
115.75;1.96
116;1.96
116.25;2
116.5;1.92
116.75;1.96
117;1.96
117.25;2
117.5;1.92
117.75;1.96
118;1.96
118.25;2
118.5;1.92
118.75;2
119;1.96
119.25;2
119.5;1.92
119.75;1.96
120;2
120.25;2.04
120.5;1.92
120.75;2
121;2
121.25;2.04
121.5;1.92
121.75;2
122;2
122.25;2.04
122.5;1.92
122.75;2
123;2
123.25;2.04
123.5;1.96
123.75;2
124;2
124.25;2.04
124.5;1.96
124.75;2
125;2
125.25;2.04
125.5;1.96
125.75;2
126;2
126.25;2.08
126.5;1.96
126.75;2
127;2.04
127.25;2.08
127.5;2
127.75;2.04
128;2.04
128.25;2.08
128.5;2
128.75;2.04
129;2.04
129.25;2.08
129.5;2
129.75;2.08
130;2.04
130.25;2.08
130.5;2
130.75;2.04
131;2.04
131.25;2.12
131.5;2
131.75;2.04
132;2.08
132.25;2.12
132.5;2
132.75;2.08
133;2.08
133.25;2.12
133.5;2.04
133.75;2.08
134;2.08
134.25;2.12
134.5;2.04
134.75;2.08
135;2.08
135.25;2.12
135.5;2.04
135.75;2.08
136;2.08
136.25;2.12
136.5;2.04
136.75;2.08
137;2.08
137.25;2.16
137.5;2.04
137.75;2.08
138;2.08
138.25;2.16
138.5;2.08
138.75;2.08
139;2.12
139.25;2.16
139.5;2.08
139.75;2.12
140;2.12
140.25;2.16
140.5;2.08
140.75;2.12
141;2.12
141.25;2.16
141.5;2.08
141.75;2.12
142;2.12
142.25;2.16
142.5;2.08
142.75;2.16
143;2.12
143.25;2.2
143.5;2.08
143.75;2.16
144;2.16
144.25;2.2
144.5;2.12
144.75;2.12
145;2.16
145.25;2.2
145.5;2.12
145.75;2.16
146;2.16
146.25;2.2
146.5;2.12
146.75;2.2
147;2.16
147.25;2.2
147.5;2.12
147.75;2.2
148;2.16
148.25;2.24
148.5;2.12
148.75;2.16
149;2.16
149.25;2.24
149.5;2.12
149.75;2.16
150;2.2
150.25;2.24
150.5;2.16
150.75;2.2
151;2.2
151.25;2.24
151.5;2.16
151.75;2.2
152;2.2
152.25;2.24
152.5;2.16
152.75;2.2
153;2.24
153.25;2.24
153.5;2.16
153.75;2.2
154;2.24
154.25;2.24
154.5;2.2
154.75;2.24
155;2.24
155.25;2.28
155.5;2.2
155.75;2.24
156;2.2
156.25;2.28
156.5;2.2
156.75;2.24
157;2.24
157.25;2.28
157.5;2.2
157.75;2.24
158;2.24
158.25;2.28
158.5;2.2
158.75;2.24
159;2.24
159.25;2.28
159.5;2.2
159.75;2.28
160;2.24
160.25;2.32
160.5;2.2
160.75;2.24
161;2.24
161.25;2.32
161.5;2.24
161.75;2.28
162;2.24
162.25;2.32
162.5;2.24
162.75;2.32
163;2.28
163.25;2.32
163.5;2.24
163.75;2.28
164;2.28
164.25;2.32
164.5;2.24
164.75;2.32
165;2.28
165.25;2.36
165.5;2.24
165.75;2.32
166;2.28
166.25;2.36
166.5;2.28
166.75;2.28
167;2.32
167.25;2.36
167.5;2.28
167.75;2.32
168;2.32
168.25;2.36
168.5;2.28
168.75;2.32
169;2.32
169.25;2.36
169.5;2.28
169.75;2.32
170;2.36
170.25;2.36
170.5;2.28
170.75;2.32
171;2.36
171.25;2.4
171.5;2.28
171.75;2.32
172;2.36
172.25;2.4
172.5;2.32
172.75;2.36
173;2.28
173.25;2.4
173.5;2.28
173.75;2.32
174;2.36
174.25;2.4
174.5;2.32
174.75;2.36
175;2.36
175.25;2.4
175.5;2.32
175.75;2.36
176;2.4
176.25;2.44
176.5;2.32
176.75;2.36
177;2.36
177.25;2.44
177.5;2.32
177.75;2.4
178;2.4
178.25;2.44
178.5;2.36
178.75;2.4
179;2.4
179.25;2.44
179.5;2.36
179.75;2.4
180;2.4
180.25;2.44
180.5;2.36
180.75;2.4
181;2.4
181.25;2.48
181.5;2.36
181.75;2.4
182;2.4
182.25;2.48
182.5;2.36
182.75;2.44
183;2.44
183.25;2.48
183.5;2.4
183.75;2.4
184;2.44
184.25;2.48
184.5;2.4
184.75;2.44
185;2.44
185.25;2.48
185.5;2.4
185.75;2.44
186;2.44
186.25;2.48
186.5;2.4
186.75;2.44
187;2.44
187.25;2.52
187.5;2.4
187.75;2.48
188;2.44
188.25;2.52
188.5;2.4
188.75;2.48
189;2.48
189.25;2.52
189.5;2.44
189.75;2.48
190;2.48
190.25;2.52
190.5;2.44
190.75;2.48
191;2.48
191.25;2.52
191.5;2.44
191.75;2.48
192;2.48
192.25;2.52
192.5;2.44
192.75;2.52
193;2.52
193.25;2.56
193.5;2.44
193.75;2.52
194;2.52
194.25;2.56
194.5;2.44
194.75;2.52
195;2.52
195.25;2.56
195.5;2.48
195.75;2.52
196;2.52
196.25;2.56
196.5;2.48
196.75;2.56
197;2.56
197.25;2.56
197.5;2.48
197.75;2.52
198;2.52
198.25;2.6
198.5;2.48
198.75;2.52
199;2.56
199.25;2.6
199.5;2.48
199.75;2.52
200;2.56
200.25;2.6
200.5;2.52
200.75;2.56
201;2.56
201.25;2.6
201.5;2.52
201.75;2.56
202;2.56
202.25;2.6
202.5;2.52
202.75;2.56
203;2.6
203.25;2.6
203.5;2.52
203.75;2.56
204;2.56
204.25;2.64
204.5;2.52
204.75;2.56
205;2.6
205.25;2.64
205.5;2.56
205.75;2.6
206;2.6
206.25;2.64
206.5;2.56
206.75;2.6
207;2.6
207.25;2.64
207.5;2.56
207.75;2.6
208;2.6
208.25;2.64
208.5;2.56
208.75;2.64
209;2.64
209.25;2.64
209.5;2.56
209.75;2.6
210;2.64
210.25;2.68
210.5;2.56
210.75;2.68
211;2.64
211.25;2.68
211.5;2.6
211.75;2.64
212;2.6
212.25;2.68
212.5;2.56
212.75;2.64
213;2.64
213.25;2.68
213.5;2.6
213.75;2.68
214;2.64
214.25;2.68
214.5;2.6
214.75;2.64
215;2.64
215.25;2.68
215.5;2.6
215.75;2.68
216;2.68
216.25;2.72
216.5;2.64
216.75;2.68
217;2.64
217.25;2.72
217.5;2.64
217.75;2.68
218;2.64
218.25;2.72
218.5;2.64
218.75;2.68
219;2.68
219.25;2.72
219.5;2.64
219.75;2.72
220;2.68
220.25;2.72
220.5;2.64
220.75;2.68
221;2.68
221.25;2.76
221.5;2.64
221.75;2.68
222;2.68
222.25;2.76
222.5;2.68
222.75;2.72
223;2.72
223.25;2.76
223.5;2.68
223.75;2.72
224;2.72
224.25;2.76
224.5;2.68
224.75;2.72
225;2.72
225.25;2.76
225.5;2.68
225.75;2.72
226;2.72
226.25;2.8
226.5;2.68
226.75;2.76
227;2.72
227.25;2.8
227.5;2.72
227.75;2.76
228;2.72
228.25;2.8
228.5;2.72
228.75;2.76
229;2.76
229.25;2.8
229.5;2.72
229.75;2.76
230;2.76
230.25;2.8
230.5;2.72
230.75;2.76
231;2.76
231.25;2.8
231.5;2.72
231.75;2.76
232;2.8
232.25;2.84
232.5;2.76
232.75;2.8
233;2.8
233.25;2.84
233.5;2.76
233.75;2.76
234;2.76
234.25;2.84
234.5;2.76
234.75;2.8
235;2.8
235.25;2.84
235.5;2.76
235.75;2.8
236;2.8
236.25;2.84
236.5;2.76
236.75;2.84
237;2.84
237.25;2.88
237.5;2.76
237.75;2.84
238;2.84
238.25;2.88
238.5;2.8
238.75;2.84
239;2.84
239.25;2.88
239.5;2.8
239.75;2.84
240;2.84
240.25;2.88
240.5;2.8
240.75;2.84
241;2.84
241.25;2.88
241.5;2.8
241.75;2.84
242;2.84
242.25;2.88
242.5;2.8
242.75;2.84
243;2.84
243.25;2.92
243.5;2.84
243.75;2.88
244;2.88
244.25;2.92
244.5;2.84
244.75;2.88
245;2.88
245.25;2.92
245.5;2.84
245.75;2.88
246;2.88
246.25;2.92
246.5;2.84
246.75;2.88
247;2.92
247.25;2.92
247.5;2.84
247.75;2.88
248;2.92
248.25;2.96
248.5;2.84
248.75;2.88
249;2.92
249.25;2.96
249.5;2.88
249.75;2.92
250;2.92
250.25;2.96
250.5;2.88
250.75;2.92
251;2.92
251.25;2.96
251.5;2.88
251.75;2.92
252;2.92
252.25;2.96
252.5;2.88
252.75;2.92
253;2.92
253.25;2.96
253.5;2.88
253.75;2.92
254;2.92
254.25;3
254.5;2.88
254.75;2.96
255;2.96
255.25;3
255.5;2.88
255.75;2.96
256;2.92
256.25;3
256.5;2.92
256.75;2.96
257;2.96
257.25;3
257.5;2.92
257.75;2.96
258;2.96
258.25;3
258.5;2.92
258.75;3
259;2.96
259.25;3.04
259.5;2.92
259.75;3
260;2.96
260.25;3.04
260.5;2.96
260.75;3
261;3
261.25;3.04
261.5;2.96
261.75;3
262;3
262.25;3.04
262.5;2.96
262.75;3
263;2.96
263.25;3.04
263.5;2.96
263.75;3
264;3
264.25;3.04
264.5;2.96
264.75;3
265;3
265.25;3.04
265.5;2.96
265.75;3
266;3
266.25;3.08
266.5;3
266.75;3.04
267;3
267.25;3.08
267.5;3
267.75;3.04
268;3.04
268.25;3.08
268.5;3
268.75;3.04
269;3.04
269.25;3.08
269.5;3
269.75;3.04
270;3.08
270.25;3.08
270.5;3
270.75;3.08
271;3.04
271.25;3.12
271.5;3
271.75;3.08
272;3.08
272.25;3.12
272.5;3.04
272.75;3.08
273;3.08
273.25;3.12
273.5;3.04
273.75;3.08
274;3.08
274.25;3.12
274.5;3.04
274.75;3.08
275;3.08
275.25;3.12
275.5;3.04
275.75;3.08
276;3.08
276.25;3.16
276.5;3.04
276.75;3.08
277;3.12
277.25;3.16
277.5;3.04
277.75;3.08
278;3.08
278.25;3.16
278.5;3.08
278.75;3.12
279;3.08
279.25;3.16
279.5;3.08
279.75;3.12
280;3.12
280.25;3.16
280.5;3.08
280.75;3.12
281;3.12
281.25;3.16
281.5;3.08
281.75;3.12
282;3.16
282.25;3.2
282.5;3.08
282.75;3.16
283;3.12
283.25;3.2
283.5;3.12
283.75;3.16
284;3.16
284.25;3.2
284.5;3.12
284.75;3.16
285;3.16
285.25;3.2
285.5;3.12
285.75;3.2
286;3.16
286.25;3.2
286.5;3.12
286.75;3.16
287;3.16
287.25;3.2
287.5;3.12
287.75;3.2
288;3.2
288.25;3.24
288.5;3.12
288.75;3.2
289;3.16
289.25;3.24
289.5;3.16
289.75;3.2
290;3.2
290.25;3.24
290.5;3.16
290.75;3.2
291;3.2
291.25;3.24
291.5;3.16
291.75;3.2
292;3.2
292.25;3.24
292.5;3.16
292.75;3.24
293;3.2
293.25;3.28
293.5;3.16
293.75;3.24
294;3.24
294.25;3.28
294.5;3.2
294.75;3.24
295;3.24
295.25;3.28
295.5;3.2
295.75;3.24
296;3.24
296.25;3.28
296.5;3.2
296.75;3.28
297;3.28
297.25;3.28
297.5;3.2
297.75;3.24
298;3.24
298.25;3.28
298.5;3.2
298.75;3.28
299;3.28
299.25;3.32
299.5;3.2
299.75;3.28
300;3.28
300.25;3.32
300.5;3.2
300.75;3.28
301;3.28
301.25;3.32
301.5;3.24
301.75;3.28
302;3.28
302.25;3.32
302.5;3.24
302.75;3.28
303;3.28
303.25;3.32
303.5;3.24
303.75;3.28
304;3.28
304.25;3.36
304.5;3.24
304.75;3.28
305;3.28
305.25;3.36
305.5;3.28
305.75;3.32
306;3.32
306.25;3.36
306.5;3.28
306.75;3.32
307;3.32
307.25;3.36
307.5;3.28
307.75;3.32
308;3.32
308.25;3.36
308.5;3.28
308.75;3.36
309;3.32
309.25;3.4
309.5;3.28
309.75;3.36
310;3.32
310.25;3.4
310.5;3.28
310.75;3.32
311;3.36
311.25;3.4
311.5;3.32
311.75;3.36
312;3.36
312.25;3.4
312.5;3.32
312.75;3.36
313;3.36
313.25;3.4
313.5;3.32
313.75;3.36
314;3.36
314.25;3.4
314.5;3.32
314.75;3.4
315;3.4
315.25;3.44
315.5;3.32
315.75;3.4
316;3.4
316.25;3.44
316.5;3.36
316.75;3.4
317;3.4
317.25;3.44
317.5;3.36
317.75;3.4
318;3.4
318.25;3.44
318.5;3.36
318.75;3.4
319;3.4
319.25;3.44
319.5;3.36
319.75;3.4
320;3.4
320.25;3.44
320.5;3.36
320.75;3.4
321;3.44
321.25;3.48
321.5;3.36
321.75;3.44
322;3.4
322.25;3.48
322.5;3.4
322.75;3.44
323;3.44
323.25;3.48
323.5;3.4
323.75;3.44
324;3.44
324.25;3.48
324.5;3.4
324.75;3.44
325;3.44
325.25;3.48
325.5;3.4
325.75;3.48
326;3.44
326.25;3.52
326.5;3.4
326.75;3.48
327;3.44
327.25;3.52
327.5;3.44
327.75;3.48
328;3.48
328.25;3.52
328.5;3.44
328.75;3.48
329;3.44
329.25;3.52
329.5;3.44
329.75;3.48
330;3.48
330.25;3.52
330.5;3.44
330.75;3.48
331;3.44
331.25;3.52
331.5;3.44
331.75;3.48
332;3.48
332.25;3.56
332.5;3.44
332.75;3.48
333;3.52
333.25;3.56
333.5;3.48
333.75;3.52
334;3.52
334.25;3.56
334.5;3.48
334.75;3.52
335;3.52
335.25;3.56
335.5;3.48
335.75;3.52
336;3.52
336.25;3.6
336.5;3.48
336.75;3.52
337;3.52
337.25;3.56
337.5;3.48
337.75;3.56
338;3.56
338.25;3.6
338.5;3.52
338.75;3.52
339;3.52
339.25;3.6
339.5;3.48
339.75;3.52
340;3.56
340.25;3.6
340.5;3.52
340.75;3.56
341;3.56
341.25;3.6
341.5;3.52
341.75;3.56
342;3.56
342.25;3.6
342.5;3.52
342.75;3.56
343;3.6
343.25;3.64
343.5;3.56
343.75;3.6
344;3.6
344.25;3.64
344.5;3.56
344.75;3.6
345;3.56
345.25;3.64
345.5;3.56
345.75;3.56
346;3.6
346.25;3.64
346.5;3.56
346.75;3.6
347;3.6
347.25;3.64
347.5;3.56
347.75;3.64
348;3.6
348.25;3.64
348.5;3.56
348.75;3.6
349;3.6
349.25;3.68
349.5;3.56
349.75;3.64
350;3.64
350.25;3.68
350.5;3.6
350.75;3.64
351;3.64
351.25;3.68
351.5;3.6
351.75;3.64
352;3.64
352.25;3.68
352.5;3.6
352.75;3.64
353;3.64
353.25;3.68
353.5;3.6
353.75;3.64
354;3.64
354.25;3.72
354.5;3.6
354.75;3.68
355;3.68
355.25;3.72
355.5;3.64
355.75;3.68
356;3.68
356.25;3.72
356.5;3.64
356.75;3.64
357;3.64
357.25;3.72
357.5;3.64
357.75;3.68
358;3.72
358.25;3.72
358.5;3.64
358.75;3.68
359;3.72
359.25;3.72
359.5;3.64
359.75;3.68
360;3.72
360.25;3.76
360.5;3.68
360.75;3.72
361;3.72
361.25;3.76
361.5;3.68
361.75;3.72
362;3.72
362.25;3.76
362.5;3.68
362.75;3.72
363;3.72
363.25;3.76
363.5;3.68
363.75;3.72
364;3.72
364.25;3.76
364.5;3.68
364.75;3.72
365;3.72
365.25;3.76
365.5;3.68
365.75;3.72
366;3.72
366.25;3.8
366.5;3.68
366.75;3.72
367;3.72
367.25;3.8
367.5;3.72
367.75;3.76
368;3.72
368.25;3.8
368.5;3.72
368.75;3.76
369;3.76
369.25;3.8
369.5;3.72
369.75;3.76
370;3.76
370.25;3.8
370.5;3.72
370.75;3.8
371;3.76
371.25;3.84
371.5;3.72
371.75;3.76
372;3.8
372.25;3.84
372.5;3.72
372.75;3.8
373;3.76
373.25;3.84
373.5;3.76
373.75;3.8
374;3.8
374.25;3.84
374.5;3.76
374.75;3.8
375;3.8
375.25;3.84
375.5;3.76
375.75;3.8
376;3.84
376.25;3.88
376.5;3.76
376.75;3.84
377;3.84
377.25;3.88
377.5;3.76
377.75;3.84
378;3.8
378.25;3.88
378.5;3.76
378.75;3.84
379;3.84
379.25;3.88
379.5;3.8
379.75;3.84
380;3.84
380.25;3.88
380.5;3.8
380.75;3.84
381;3.84
381.25;3.88
381.5;3.8
381.75;3.84
382;3.84
382.25;3.92
382.5;3.8
382.75;3.88
383;3.84
383.25;3.92
383.5;3.84
383.75;3.88
384;3.88
384.25;3.92
384.5;3.84
384.75;3.88
385;3.88
385.25;3.92
385.5;3.84
385.75;3.88
386;3.88
386.25;3.92
386.5;3.84
386.75;3.88
387;3.88
387.25;3.92
387.5;3.84
387.75;3.88
388;3.88
388.25;3.96
388.5;3.88
388.75;3.88
389;3.88
389.25;3.96
389.5;3.88
389.75;3.92
390;3.92
390.25;3.96
390.5;3.88
390.75;3.92
391;3.92
391.25;3.96
391.5;3.88
391.75;3.96
392;3.92
392.25;3.96
392.5;3.88
392.75;3.92
393;3.92
393.25;4
393.5;3.88
393.75;3.96
394;3.96
394.25;4
394.5;3.88
394.75;3.96
395;3.96
395.25;4
395.5;3.92
395.75;3.92
396;3.96
396.25;4
396.5;3.92
396.75;3.96
397;3.96
397.25;4
397.5;3.92
397.75;4
398;3.96
398.25;4
398.5;3.92
398.75;4
399;3.96
399.25;4.04
399.5;3.92
399.75;3.96
400;4
400.25;4.04
400.5;3.96
400.75;4
401;4
401.25;4.04
401.5;3.96
401.75;4
402;4
402.25;4.04
402.5;3.96
402.75;4
403;4
403.25;4.04
403.5;3.96
403.75;4
404;4
404.25;4.08
404.5;3.96
404.75;4.04
405;4.04
405.25;4.08
405.5;3.96
405.75;4.04
406;4.04
406.25;4.08
406.5;4
406.75;4.04
407;4.04
407.25;4.08
407.5;4
407.75;4.04
408;4.04
408.25;4.08
408.5;4
408.75;4.08
409;4.04
409.25;4.08
409.5;4
409.75;4.04
410;4.04
410.25;4.12
410.5;4
410.75;4.08
411;4.04
411.25;4.12
411.5;4.04
411.75;4.08
412;4.08
412.25;4.12
412.5;4.04
412.75;4.08
413;4.08
413.25;4.12
413.5;4.04
413.75;4.08
414;4.08
414.25;4.12
414.5;4.04
414.75;4.12
415;4.12
415.25;4.16
415.5;4.04
415.75;4.12
416;4.08
416.25;4.16
416.5;4.08
416.75;4.12
417;4.08
417.25;4.16
417.5;4.08
417.75;4.12
418;4.12
418.25;4.16
418.5;4.08
418.75;4.12
419;4.12
419.25;4.16
419.5;4.08
419.75;4.12
420;4.12
420.25;4.16
420.5;4.08
420.75;4.12
421;4.12
421.25;4.2
421.5;4.08
421.75;4.16
422;4.16
422.25;4.2
422.5;4.12
422.75;4.16
423;4.16
423.25;4.2
423.5;4.12
423.75;4.16
424;4.16
424.25;4.2
424.5;4.12
424.75;4.16
425;4.16
425.25;4.2
425.5;4.12
425.75;4.2
426;4.2
426.25;4.2
426.5;4.12
426.75;4.2
427;4.16
427.25;4.24
427.5;4.16
427.75;4.16
428;4.2
428.25;4.24
428.5;4.16
428.75;4.2
429;4.2
429.25;4.24
429.5;4.16
429.75;4.2
430;4.2
430.25;4.24
430.5;4.16
430.75;4.2
431;4.2
431.25;4.24
431.5;4.16
431.75;4.2
432;4.2
432.25;4.28
432.5;4.16
432.75;4.2
433;4.24
433.25;4.28
433.5;4.2
433.75;4.24
434;4.24
434.25;4.28
434.5;4.2
434.75;4.28
435;4.24
435.25;4.28
435.5;4.2
435.75;4.24
436;4.24
436.25;4.28
436.5;4.2
436.75;4.24
437;4.28
437.25;4.28
437.5;4.2
437.75;4.24
438;4.24
438.25;4.32
438.5;4.2
438.75;4.28
439;4.28
439.25;4.32
439.5;4.24
439.75;4.28
440;4.28
440.25;4.32
440.5;4.24
440.75;4.28
441;4.28
441.25;4.32
441.5;4.24
441.75;4.28
442;4.28
442.25;4.32
442.5;4.24
442.75;4.28
443;4.32
443.25;4.32
443.5;4.24
443.75;4.28
444;4.32
444.25;4.36
444.5;4.28
444.75;4.32
445;4.28
445.25;4.36
445.5;4.28
445.75;4.32
446;4.32
446.25;4.36
446.5;4.28
446.75;4.32
447;4.32
447.25;4.36
447.5;4.28
447.75;4.36
448;4.32
448.25;4.4
448.5;4.28
448.75;4.32
449;4.32
449.25;4.4
449.5;4.28
449.75;4.36
450;4.36
450.25;4.4
450.5;4.32
450.75;4.36
451;4.32
451.25;4.4
451.5;4.32
451.75;4.36
452;4.36
452.25;4.4
452.5;4.32
452.75;4.36
453;4.36
453.25;4.4
453.5;4.32
453.75;4.36
454;4.36
454.25;4.4
454.5;4.32
454.75;4.4
455;4.36
455.25;4.44
455.5;4.32
455.75;4.4
456;4.4
456.25;4.44
456.5;4.36
456.75;4.4
457;4.4
457.25;4.44
457.5;4.36
457.75;4.4
458;4.4
458.25;4.44
458.5;4.36
458.75;4.4
459;4.4
459.25;4.44
459.5;4.36
459.75;4.4
460;4.4
460.25;4.48
460.5;4.36
460.75;4.4
461;4.44
461.25;4.48
461.5;4.36
461.75;4.44
462;4.44
462.25;4.48
462.5;4.4
462.75;4.44
463;4.44
463.25;4.48
463.5;4.4
463.75;4.48
464;4.44
464.25;4.48
464.5;4.4
464.75;4.44
465;4.44
465.25;4.52
465.5;4.4
465.75;4.48
466;4.48
466.25;4.52
466.5;4.4
466.75;4.44
467;4.48
467.25;4.52
467.5;4.44
467.75;4.48
468;4.48
468.25;4.52
468.5;4.44
468.75;4.48
469;4.48
469.25;4.52
469.5;4.44
469.75;4.48
470;4.48
470.25;4.52
470.5;4.44
470.75;4.48
471;4.48
471.25;4.56
471.5;4.44
471.75;4.52
472;4.52
472.25;4.56
472.5;4.44
472.75;4.52
473;4.52
473.25;4.56
473.5;4.48
473.75;4.52
474;4.52
474.25;4.56
474.5;4.48
474.75;4.52
475;4.52
475.25;4.56
475.5;4.48
475.75;4.52
476;4.52
476.25;4.56
476.5;4.48
476.75;4.52
477;4.52
477.25;4.6
477.5;4.48
477.75;4.56
478;4.52
478.25;4.6
478.5;4.52
478.75;4.56
479;4.56
479.25;4.6
479.5;4.52
479.75;4.56
480;4.56
480.25;4.6
480.5;4.52
480.75;4.56
481;4.56
481.25;4.6
481.5;4.52
481.75;4.56
482;4.56
482.25;4.6
482.5;4.52
482.75;4.56
483;4.6
483.25;4.64
483.5;4.56
483.75;4.56
484;4.6
484.25;4.64
484.5;4.56
484.75;4.56
485;4.6
485.25;4.64
485.5;4.56
485.75;4.6
486;4.6
486.25;4.64
486.5;4.56
486.75;4.6
487;4.64
487.25;4.64
487.5;4.56
487.75;4.6
488;4.6
488.25;4.68
488.5;4.56
488.75;4.64
489;4.6
489.25;4.68
489.5;4.56
489.75;4.64
490;4.64
490.25;4.68
490.5;4.6
490.75;4.64
491;4.64
491.25;4.68
491.5;4.6
491.75;4.64
492;4.64
492.25;4.68
492.5;4.6
492.75;4.64
493;4.64
493.25;4.72
493.5;4.6
493.75;4.68
494;4.64
494.25;4.72
494.5;4.64
494.75;4.64
495;4.64
495.25;4.72
495.5;4.6
495.75;4.68
496;4.68
496.25;4.72
496.5;4.64
496.75;4.68
497;4.64
497.25;4.72
497.5;4.64
497.75;4.68
498;4.68
498.25;4.72
498.5;4.64
498.75;4.72
499;4.68
499.25;4.76
499.5;4.64
499.75;4.68
500;4.72
500.25;4.76
500.5;4.68
500.75;4.72
501;4.72
501.25;4.76
501.5;4.68
501.75;4.72
502;4.72
502.25;4.76
502.5;4.68
502.75;4.72
503;4.72
503.25;4.76
503.5;4.68
503.75;4.72
504;4.72
504.25;4.76
504.5;4.68
504.75;4.72
505;4.76
505.25;4.8
505.5;4.68
505.75;4.76
506;4.76
506.25;4.8
506.5;4.72
506.75;4.72
507;4.76
507.25;4.8
507.5;4.72
507.75;4.76
508;4.76
508.25;4.8
508.5;4.72
508.75;4.8
509;4.76
509.25;4.8
509.5;4.72
509.75;4.8
510;4.76
510.25;4.84
510.5;4.72
510.75;4.8
511;4.8
511.25;4.84
511.5;4.76
511.75;4.76
512;4.8
512.25;4.84
512.5;4.76
512.75;4.8
513;4.8
513.25;4.84
513.5;4.76
513.75;4.8
514;4.8
514.25;4.84
514.5;4.76
514.75;4.8
515;4.84
515.25;4.84
515.5;4.76
515.75;4.84
516;4.84
516.25;4.88
516.5;4.76
516.75;4.8
517;4.8
517.25;4.88
517.5;4.8
517.75;4.84
518;4.84
518.25;4.88
518.5;4.8
518.75;4.84
519;4.8
519.25;4.88
519.5;4.8
519.75;4.84
520;4.84
520.25;4.88
520.5;4.8
520.75;4.88
521;4.84
521.25;4.92
521.5;4.8
521.75;4.88
522;4.88
522.25;4.92
522.5;4.84
522.75;4.84
523;4.88
523.25;4.92
523.5;4.84
523.75;4.84
524;4.88
524.25;4.92
524.5;4.84
524.75;4.88
525;4.88
525.25;4.92
525.5;4.84
525.75;4.88
526;4.92
526.25;4.92
526.5;4.84
526.75;4.92
527;4.92
527.25;4.92
527.5;4.84
527.75;4.88
528;4.92
528.25;4.96
528.5;4.88
528.75;4.92
529;4.92
529.25;4.96
529.5;4.88
529.75;4.88
530;4.92
530.25;4.96
530.5;4.88
530.75;4.92
531;4.92
531.25;4.96
531.5;4.88
531.75;4.92
532;4.92
532.25;4.96
532.5;4.88
532.75;4.92
533;4.96
533.25;5
533.5;4.88
533.75;4.96
534;4.96
534.25;5
534.5;4.92
534.75;4.96
535;4.96
535.25;5
535.5;4.92
535.75;4.96
536;4.96
536.25;5
536.5;4.92
536.75;5
537;4.96
537.25;5
537.5;4.92
537.75;5
538;5
538.25;5.04
538.5;4.92
538.75;5
539;5
539.25;5.04
539.5;4.96
539.75;5
540;5
540.25;5.04
540.5;4.96
540.75;5
541;4.96
541.25;5.04
541.5;4.96
541.75;5
542;5
542.25;5.04
542.5;4.96
542.75;5
543;5
543.25;5.04
543.5;4.96
543.75;5
544;5
544.25;5.08
544.5;4.96
544.75;5.04
545;5.04
545.25;5.08
545.5;5
545.75;5.04
546;5.04
546.25;5.08
546.5;5
546.75;5.08
547;5.04
547.25;5.08
547.5;5
547.75;5.04
548;5.04
548.25;5.08
548.5;5
548.75;5.04
549;5.08
549.25;5.12
549.5;5
549.75;5.08
550;5.08
550.25;5.12
550.5;5.04
550.75;5.04
551;5.08
551.25;5.12
551.5;5.04
551.75;5.08
552;5.08
552.25;5.12
552.5;5.04
552.75;5.08
553;5.08
553.25;5.12
553.5;5.04
553.75;5.08
554;5.08
554.25;5.12
554.5;5.04
554.75;5.08
555;5.08
555.25;5.16
555.5;5.04
555.75;5.08
556;5.12
556.25;5.16
556.5;5.08
556.75;5.12
557;5.12
557.25;5.16
557.5;5.08
557.75;5.12
558;5.12
558.25;5.16
558.5;5.08
558.75;5.12
559;5.12
559.25;5.16
559.5;5.08
559.75;5.12
560;5.12
560.25;5.2
560.5;5.08
560.75;5.16
561;5.12
561.25;5.2
561.5;5.12
561.75;5.16
562;5.16
562.25;5.2
562.5;5.12
562.75;5.16
563;5.16
563.25;5.2
563.5;5.12
563.75;5.16
564;5.16
564.25;5.2
564.5;5.12
564.75;5.16
565;5.16
565.25;5.24
565.5;5.12
565.75;5.16
566;5.2
566.25;5.24
566.5;5.12
566.75;5.2
567;5.16
567.25;5.24
567.5;5.16
567.75;5.2
568;5.2
568.25;5.24
568.5;5.16
568.75;5.2
569;5.2
569.25;5.24
569.5;5.16
569.75;5.2
570;5.2
570.25;5.24
570.5;5.16
570.75;5.2
571;5.2
571.25;5.24
571.5;5.16
571.75;5.2
572;5.2
572.25;5.28
572.5;5.16
572.75;5.2
573;5.2
573.25;5.28
573.5;5.16
573.75;5.24
574;5.24
574.25;5.28
574.5;5.16
574.75;5.24
575;5.2
575.25;5.28
575.5;5.16
575.75;5.24
576;5.2
576.25;5.28
576.5;5.16
576.75;5.2
577;5.2
577.25;5.28
577.5;5.16
577.75;5.2
578;5.24
578.25;5.28
578.5;5.16
578.75;5.24
579;5.2
579.25;5.28
579.5;5.16
579.75;5.2
580;5.24
580.25;5.28
580.5;5.16
580.75;5.24
581;5.2
581.25;5.28
581.5;5.16
581.75;5.2
582;5.2
582.25;5.28
582.5;5.16
582.75;5.2
583;5.2
583.25;5.28
583.5;5.16
583.75;5.24
584;5.2
584.25;5.28
584.5;5.16
584.75;5.2
585;5.24
585.25;5.28
585.5;5.16
585.75;5.2
586;5.2
586.25;5.28
586.5;5.16
586.75;5.2
587;5.2
587.25;5.28
587.5;5.16
587.75;5.2
588;5.2
588.25;5.28
588.5;5.2
588.75;5.24
589;5.24
589.25;5.28
589.5;5.16
589.75;5.24
590;5.2
590.25;5.28
590.5;5.16
590.75;5.24
591;5.2
591.25;5.28
591.5;5.2
591.75;5.2
592;5.24
592.25;5.28
592.5;5.16
592.75;5.2
593;5.24
593.25;5.28
593.5;5.16
593.75;5.24
594;5.2
594.25;5.28
594.5;5.16
594.75;5.2
595;5.2
595.25;8.8
595.5;-1.4
595.75;3.72
596;3.72
596.25;8.8
596.5;-1.4
596.75;3.52
597;3.36
597.25;8.8
597.5;-1.4
597.75;3.68
598;2.4
598.25;8.8
598.5;-1.4
598.75;3.68
599;3.36
599.25;8.8
599.5;-1.4
599.75;3.72
600;3.72
600.25;8.8
600.5;-1.4
600.75;3.72
601;3.72
601.25;8.8
601.5;-1.4
601.75;2.88
602;8.8
602.25;8.8
602.5;-1.4
602.75;3.68
603;3.68
603.25;8.8
603.5;-1.4
603.75;6.28
604;3.72
604.25;8.8
604.5;-1.4
604.75;3.76
605;6.28
605.25;8.8
605.5;-1.4
605.75;3.72
606;-1.4
606.25;8.8
606.5;-1.4
606.75;3.68
607;3.68
607.25;8.8
607.5;-1.4
607.75;3.52
608;3.68
608.25;8.8
608.5;-1.4
608.75;3.84
609;3.72
609.25;8.8
609.5;-1.4
609.75;3.72
610;3.72
610.25;8.8
610.5;-1.4
610.75;3.68
611;3.2
611.25;8.8
611.5;-1.4
611.75;3.68
612;3.04
612.25;8.8
612.5;-1.4
612.75;3.72
613;3.72
613.25;8.8
613.5;-1.4
613.75;3.72
614;3.72
614.25;8.8
614.5;-1.4
614.75;3.72
615;3.72
615.25;8.8
615.5;-1.4
615.75;2.4
616;3.68
616.25;8.8
616.5;-1.4
616.75;3.68
617;3.04
617.25;8.8
617.5;-1.4
617.75;3.72
618;6.28
618.25;8.8
618.5;-1.4
618.75;3.72
619;3.72
619.25;8.8
619.5;-1.4
619.75;3.68
620;3.68
620.25;8.8
620.5;-1.4
620.75;3.52
621;3.68
621.25;8.8
621.5;-1.4
621.75;3.76
622;3.72
622.25;8.8
622.5;-1.4
622.75;3.72
623;3.76
623.25;8.8
623.5;-1.4
623.75;3.72
624;3.72
624.25;8.8
624.5;-1.4
624.75;3.52
625;3.04
625.25;8.8
625.5;-1.4
625.75;3.04
626;3.68
626.25;8.8
626.5;-1.4
626.75;3.72
627;3.72
627.25;8.8
627.5;-1.4
627.75;3.72
628;6.28
628.25;8.8
628.5;-1.4
628.75;2.4
629;3.52
629.25;8.8
629.5;-1.4
629.75;3.68
630;3.68
630.25;8.8
630.5;-1.4
630.75;3.72
631;3.72
631.25;8.8
631.5;-1.4
631.75;-1.4
632;3.72
632.25;8.8
632.5;-1.4
632.75;3.72
633;3.72
633.25;8.8
633.5;-1.4
633.75;3.68
634;3.68
634.25;8.8
634.5;-1.4
634.75;3.68
635;3.36
635.25;8.8
635.5;-1.4
635.75;3.72
636;3.72
636.25;8.8
636.5;-1.4
636.75;3.76
637;3.72
637.25;8.8
637.5;-1.4
637.75;2.4
638;3.68
638.25;8.8
638.5;-1.4
638.75;3.68
639;3.68
639.25;8.8
639.5;-1.4
639.75;3.04
640;3.52
640.25;8.8
640.5;-1.4
640.75;3.72
641;3.72
641.25;8.8
641.5;-1.4
641.75;3.72
642;3.72
642.25;8.8
642.5;-1.4
642.75;3.68
643;3.68
643.25;8.8
643.5;-1.4
643.75;3.68
644;1.12
644.25;8.8
644.5;-1.4
644.75;3.72
645;3.72
645.25;8.8
645.5;-1.4
645.75;3.72
646;3.72
646.25;8.8
646.5;-1.4
646.75;3.68
647;3.68
647.25;8.8
647.5;-1.4
647.75;3.68
648;3.68
648.25;8.8
648.5;-1.4
648.75;3.68
649;3.68
649.25;8.8
649.5;-1.4
649.75;3.72
650;3.72
650.25;8.8
650.5;-1.4
650.75;6.32
651;3.72
651.25;8.8
651.5;-1.4
651.75;3.68
652;2.4
652.25;8.8
652.5;-1.4
652.75;3.68
653;3.68
653.25;8.8
653.5;-1.4
653.75;3.72
654;3.72
654.25;8.8
654.5;-1.4
654.75;3.72
655;3.72
655.25;8.8
655.5;-1.4
655.75;3.68
656;3.68
656.25;8.8
656.5;-1.4
656.75;3.68
657;3.68
657.25;8.8
657.5;-1.4
657.75;3.68
658;2.4
658.25;8.8
658.5;-1.4
658.75;3.72
659;3.72
659.25;8.8
659.5;-1.4
659.75;3.72
660;3.72
660.25;8.8
660.5;-1.4
660.75;3.68
661;2.4
661.25;8.8
661.5;-1.4
661.75;3.68
662;2.4
662.25;8.8
662.5;-1.4
662.75;3.72
663;3.72
663.25;8.8
663.5;-1.4
663.75;3.72
664;3.72
664.25;8.8
664.5;-1.4
664.75;3.68
665;2.4
665.25;8.8
665.5;-1.4
665.75;2.4
666;3.68
666.25;8.8
666.5;-1.4
666.75;3.68
667;3.68
667.25;8.8
667.5;-1.4
667.75;3.72
668;3.72
668.25;8.8
668.5;-1.4
668.75;3.8
669;3.72
669.25;8.8
669.5;-1.4
669.75;2.4
670;3.68
670.25;8.8
670.5;-1.4
670.75;3.68
671;3.68
671.25;8.8
671.5;-1.4
671.75;3.76
672;3.72
672.25;8.8
672.5;-1.4
672.75;3.72
673;3.72
673.25;8.8
673.5;-1.4
673.75;3.72
674;3.72
674.25;8.8
674.5;-1.4
674.75;3.68
675;3.68
675.25;8.8
675.5;-1.4
675.75;3.68
676;3.04
676.25;8.8
676.5;-1.4
676.75;-1.4
677;3.72
677.25;8.8
677.5;-1.4
677.75;3.8
678;3.72
678.25;8.8
678.5;-1.4
678.75;3.68
679;3.68
679.25;8.8
679.5;-1.4
679.75;3.68
680;3.68
680.25;8.8
680.5;-1.4
680.75;3.72
681;3.72
681.25;8.8
681.5;-1.4
681.75;3.8
682;3.72
682.25;8.8
682.5;-1.4
682.75;6.32
683;3.72
683.25;8.8
683.5;-1.4
683.75;2.24
684;3.68
684.25;8.8
684.5;-1.4
684.75;3.68
685;3.68
685.25;8.8
685.5;-1.4
685.75;3.72
686;6.28
686.25;8.8
686.5;-1.4
686.75;3.72
687;3.72
687.25;8.8
687.5;-1.4
687.75;3.68
688;8.8
688.25;8.8
688.5;-1.4
688.75;2.72
689;3.52
689.25;8.8
689.5;-1.4
689.75;3.72
690;3.72
690.25;8.8
690.5;-1.4
690.75;3.72
691;3.72
691.25;8.8
691.5;-1.4
691.75;3.72
692;3.72
692.25;8.8
692.5;-1.4
692.75;3.68
693;3.04
693.25;8.8
693.5;-1.4
693.75;3.68
694;3.68
694.25;8.8
694.5;-1.4
694.75;3.72
695;3.72
695.25;8.8
695.5;-1.4
695.75;6.28
696;3.72
696.25;8.8
696.5;-1.4
696.75;3.68
697;3.68
697.25;8.8
697.5;-1.4
697.75;3.68
698;3.68
698.25;8.8
698.5;-1.4
698.75;3.72
699;3.72
699.25;8.8
699.5;-1.4
699.75;3.72
700;6.28
700.25;8.8
700.5;-1.4
700.75;3.72
701;3.72
701.25;8.8
701.5;-1.4
701.75;3.68
702;2.4
702.25;8.8
702.5;-1.4
702.75;3.68
703;3.68
703.25;8.8
703.5;-1.4
703.75;3.8
704;3.72
704.25;8.8
704.5;-1.4
704.75;3.72
705;3.72
705.25;8.8
705.5;-1.4
705.75;3.68
706;3.04
706.25;8.8
706.5;-1.4
706.75;0.96
707;3.68
707.25;8.8
707.5;-1.4
707.75;3.68
708;3.36
708.25;8.8
708.5;-1.4
708.75;3.76
709;3.72
709.25;8.8
709.5;-1.4
709.75;3.72
710;3.72
710.25;8.8
710.5;-1.4
710.75;3.36
711;3.68
711.25;8.8
711.5;-1.4
711.75;3.68
712;3.68
712.25;8.8
712.5;-1.4
712.75;3.72
713;3.72
713.25;8.8
713.5;-1.4
713.75;3.72
714;3.72
714.25;8.8
714.5;-1.4
714.75;3.52
715;3.68
715.25;8.8
715.5;-1.4
715.75;3.68
716;3.68
716.25;8.8
716.5;-1.4
716.75;3.68
717;3.68
717.25;8.8
717.5;-1.4
717.75;3.72
718;3.72
718.25;8.8
718.5;-1.4
718.75;3.72
719;3.72
719.25;8.8
719.5;-1.4
719.75;3.52
720;2.4
720.25;8.8
720.5;-1.4
720.75;3.68
721;3.36
721.25;8.8
721.5;-1.4
721.75;3.72
722;3.72
722.25;8.8
722.5;-1.4
722.75;-1.4
723;3.72
723.25;8.8
723.5;-1.4
723.75;3.68
724;3.68
724.25;8.8
724.5;-1.4
724.75;0.96
725;3.68
725.25;8.8
725.5;-1.4
725.75;3.68
726;2.4
726.25;8.8
726.5;-1.4
726.75;6.28
727;3.72
727.25;8.8
727.5;-1.4
727.75;3.72
728;3.72
728.25;8.8
728.5;-1.4
728.75;3.68
729;3.68
729.25;8.8
729.5;-1.4
729.75;3.68
730;3.68
730.25;8.8
730.5;-1.4
730.75;-1.4
731;3.72
731.25;8.8
731.5;-1.4
731.75;3.72
732;3.72
732.25;8.8
732.5;-1.4
732.75;2.4
733;3.52
733.25;8.8
733.5;-1.4
733.75;3.68
734;3.52
734.25;8.8
734.5;-1.4
734.75;3.68
735;3.68
735.25;8.8
735.5;-1.4
735.75;3.72
736;-1.4
736.25;8.8
736.5;-1.4
736.75;3.76
737;3.72
737.25;8.8
737.5;-1.4
737.75;3.68
738;3.68
738.25;8.8
738.5;-1.4
738.75;3.68
739;3.52
739.25;8.8
739.5;-1.4
739.75;3.72
740;3.72
740.25;8.8
740.5;-1.4
740.75;3.72
741;3.72
741.25;8.8
741.5;-1.4
741.75;3.68
742;3.68
742.25;8.8
742.5;-1.4
742.75;3.36
743;3.68
743.25;8.8
743.5;-1.4
743.75;2.4
744;3.04
744.25;8.8
744.5;-1.4
744.75;6.28
745;3.72
745.25;8.8
745.5;-1.4
745.75;3.72
746;3.72
746.25;8.8
746.5;-1.4
746.75;3.36
747;3.68
747.25;8.8
747.5;-1.4
747.75;3.68
748;3.68
748.25;8.8
748.5;-1.4
748.75;3.72
749;3.72
749.25;8.8
749.5;-1.4
749.75;3.76
750;3.72
750.25;8.8
750.5;-1.4
750.75;3.72
751;3.76
751.25;8.8
751.5;-1.4
751.75;3.68
752;3.68
752.25;8.8
752.5;-1.4
752.75;3.52
753;3.68
753.25;8.8
753.5;-1.4
753.75;3.72
754;3.72
754.25;8.8
754.5;-1.4
754.75;6.28
755;3.72
755.25;8.8
755.5;-1.4
755.75;3.52
756;3.68
756.25;8.8
756.5;-1.4
756.75;3.68
757;3.36
757.25;8.8
757.5;-1.4
757.75;5
758;3.72
758.25;8.8
758.5;-1.4
758.75;6.28
759;3.72
759.25;8.8
759.5;-1.4
759.75;3.72
