# Oscilloscope file ./2K-hall-100uA-U.bin
# Channel 2
Time / s;Voltage / V
0;0.016
0.25;0.008
0.5;0.016
0.75;0.016
1;0.016
1.25;0.008
1.5;0.016
1.75;0.016
2;0.016
2.25;0.008
2.5;0.008
2.75;0.016
3;0.024
3.25;0.008
3.5;0.016
3.75;0.008
4;0.024
4.25;0.008
4.5;0.008
4.75;0.008
5;0.024
5.25;0.008
5.5;0.016
5.75;0.008
6;0.016
6.25;0.008
6.5;0.016
6.75;0.008
7;0.024
7.25;0.008
7.5;0.016
7.75;0.008
8;0.016
8.25;0.008
8.5;0.008
8.75;0.008
9;0.016
9.25;0.008
9.5;0.008
9.75;0.008
10;0.016
10.25;0.008
10.5;0.016
10.75;0.016
11;0.024
11.25;0.008
11.5;0.016
11.75;0.008
12;0.016
12.25;0.008
12.5;0.008
12.75;0.016
13;0.016
13.25;0.008
13.5;0.008
13.75;0.008
14;0.016
14.25;0.008
14.5;0.008
14.75;0.008
15;0.024
15.25;0.008
15.5;0.016
15.75;0.016
16;0.024
16.25;0.008
16.5;0.016
16.75;0.016
17;0.024
17.25;0.008
17.5;0.024
17.75;0.016
18;0.024
18.25;0.016
18.5;0.016
18.75;0.024
19;0.032
19.25;0.016
19.5;0.024
19.75;0.024
20;0.032
20.25;0.016
20.5;0.024
20.75;0.024
21;0.032
21.25;0.016
21.5;0.024
21.75;0.024
22;0.04
22.25;0.024
22.5;0.032
22.75;0.032
23;0.04
23.25;0.024
23.5;0.032
23.75;0.032
24;0.04
24.25;0.024
24.5;0.04
24.75;0.032
25;0.04
25.25;0.032
25.5;0.04
25.75;0.04
26;0.048
26.25;0.032
26.5;0.04
26.75;0.04
27;0.048
27.25;0.032
27.5;0.048
27.75;0.04
28;0.048
28.25;0.04
28.5;0.04
28.75;0.048
29;0.056
29.25;0.04
29.5;0.048
29.75;0.048
30;0.056
30.25;0.04
30.5;0.048
30.75;0.048
31;0.056
31.25;0.04
31.5;0.056
31.75;0.048
32;0.064
32.25;0.048
32.5;0.048
32.75;0.048
33;0.064
33.25;0.048
33.5;0.056
33.75;0.056
34;0.064
34.25;0.048
34.5;0.064
34.75;0.056
35;0.064
35.25;0.056
35.5;0.056
35.75;0.064
36;0.072
36.25;0.056
36.5;0.064
36.75;0.064
37;0.072
37.25;0.056
37.5;0.064
37.75;0.064
38;0.072
38.25;0.064
38.5;0.064
38.75;0.072
39;0.08
39.25;0.064
39.5;0.072
39.75;0.072
40;0.08
40.25;0.064
40.5;0.072
40.75;0.072
41;0.08
41.25;0.064
41.5;0.072
41.75;0.072
42;0.088
42.25;0.072
42.5;0.08
42.75;0.08
43;0.088
43.25;0.072
43.5;0.08
43.75;0.08
44;0.088
44.25;0.072
44.5;0.088
44.75;0.088
45;0.096
45.25;0.08
45.5;0.088
45.75;0.088
46;0.096
46.25;0.08
46.5;0.088
46.75;0.088
47;0.096
47.25;0.08
47.5;0.088
47.75;0.088
48;0.096
48.25;0.088
48.5;0.096
48.75;0.096
49;0.104
49.25;0.088
49.5;0.096
49.75;0.096
50;0.104
50.25;0.088
50.5;0.096
50.75;0.096
51;0.104
51.25;0.088
51.5;0.104
51.75;0.096
52;0.112
52.25;0.096
52.5;0.104
52.75;0.104
53;0.112
53.25;0.096
53.5;0.104
53.75;0.104
54;0.112
54.25;0.096
54.5;0.112
54.75;0.104
55;0.12
55.25;0.104
55.5;0.112
55.75;0.112
56;0.12
56.25;0.104
56.5;0.112
56.75;0.112
57;0.12
57.25;0.104
57.5;0.112
57.75;0.12
58;0.128
58.25;0.112
58.5;0.12
58.75;0.12
59;0.128
59.25;0.112
59.5;0.12
59.75;0.12
60;0.128
60.25;0.112
60.5;0.12
60.75;0.12
61;0.128
61.25;0.112
61.5;0.12
61.75;0.128
62;0.136
62.25;0.12
62.5;0.128
62.75;0.128
63;0.136
63.25;0.12
63.5;0.128
63.75;0.128
64;0.136
64.25;0.12
64.5;0.128
64.75;0.128
65;0.144
65.25;0.128
65.5;0.128
65.75;0.136
66;0.144
66.25;0.128
66.5;0.136
66.75;0.136
67;0.144
67.25;0.128
67.5;0.136
67.75;0.136
68;0.144
68.25;0.136
68.5;0.144
68.75;0.144
69;0.152
69.25;0.136
69.5;0.144
69.75;0.144
70;0.152
70.25;0.136
70.5;0.144
70.75;0.144
71;0.152
71.25;0.136
71.5;0.144
71.75;0.144
72;0.16
72.25;0.144
72.5;0.152
72.75;0.152
73;0.16
73.25;0.144
73.5;0.152
73.75;0.152
74;0.16
74.25;0.144
74.5;0.152
74.75;0.16
75;0.168
75.25;0.152
75.5;0.16
75.75;0.16
76;0.168
76.25;0.152
76.5;0.16
76.75;0.16
77;0.168
77.25;0.152
77.5;0.168
77.75;0.16
78;0.168
78.25;0.16
78.5;0.16
78.75;0.168
79;0.176
79.25;0.16
79.5;0.168
79.75;0.168
80;0.176
80.25;0.16
80.5;0.168
80.75;0.168
81;0.176
81.25;0.16
81.5;0.176
81.75;0.168
82;0.184
82.25;0.168
82.5;0.176
82.75;0.176
83;0.184
83.25;0.168
83.5;0.176
83.75;0.184
84;0.184
84.25;0.168
84.5;0.176
84.75;0.184
85;0.184
85.25;0.176
85.5;0.176
85.75;0.184
86;0.192
86.25;0.176
86.5;0.184
86.75;0.184
87;0.192
87.25;0.176
87.5;0.184
87.75;0.184
88;0.192
88.25;0.184
88.5;0.184
88.75;0.192
89;0.2
89.25;0.184
89.5;0.192
89.75;0.192
90;0.2
90.25;0.184
90.5;0.192
90.75;0.192
91;0.2
91.25;0.184
91.5;0.192
91.75;0.2
92;0.208
92.25;0.192
92.5;0.192
92.75;0.2
93;0.208
93.25;0.192
93.5;0.2
93.75;0.2
94;0.208
94.25;0.192
94.5;0.2
94.75;0.208
95;0.208
95.25;0.2
95.5;0.208
95.75;0.208
96;0.216
96.25;0.2
96.5;0.208
96.75;0.208
97;0.216
97.25;0.2
97.5;0.208
97.75;0.208
98;0.216
98.25;0.2
98.5;0.216
98.75;0.216
99;0.224
99.25;0.208
99.5;0.216
99.75;0.216
100;0.224
100.25;0.208
100.5;0.216
100.75;0.224
101;0.224
101.25;0.208
101.5;0.216
101.75;0.216
102;0.224
102.25;0.216
102.5;0.224
102.75;0.224
103;0.232
103.25;0.216
103.5;0.224
103.75;0.224
104;0.232
104.25;0.216
104.5;0.224
104.75;0.224
105;0.232
105.25;0.224
105.5;0.232
105.75;0.224
106;0.24
106.25;0.224
106.5;0.232
106.75;0.232
107;0.24
107.25;0.224
107.5;0.232
107.75;0.232
108;0.24
108.25;0.224
108.5;0.24
108.75;0.24
109;0.24
109.25;0.232
109.5;0.24
109.75;0.24
110;0.248
110.25;0.232
110.5;0.24
110.75;0.24
111;0.248
111.25;0.232
111.5;0.248
111.75;0.24
112;0.248
112.25;0.24
112.5;0.248
112.75;0.248
113;0.256
113.25;0.24
113.5;0.248
113.75;0.248
114;0.256
114.25;0.24
114.5;0.248
114.75;0.248
115;0.256
115.25;0.24
115.5;0.248
115.75;0.256
116;0.264
116.25;0.248
116.5;0.256
116.75;0.256
117;0.264
117.25;0.248
117.5;0.256
117.75;0.256
118;0.264
118.25;0.248
118.5;0.256
118.75;0.256
119;0.272
119.25;0.256
119.5;0.264
119.75;0.264
120;0.272
120.25;0.256
120.5;0.264
120.75;0.264
121;0.272
121.25;0.256
121.5;0.264
121.75;0.264
122;0.28
122.25;0.264
122.5;0.272
122.75;0.272
123;0.28
123.25;0.264
123.5;0.264
123.75;0.272
124;0.28
124.25;0.264
124.5;0.272
124.75;0.272
125;0.28
125.25;0.264
125.5;0.272
125.75;0.272
126;0.288
126.25;0.272
126.5;0.28
126.75;0.28
127;0.288
127.25;0.272
127.5;0.28
127.75;0.28
128;0.288
128.25;0.272
128.5;0.28
128.75;0.28
129;0.296
129.25;0.28
129.5;0.288
129.75;0.288
130;0.296
130.25;0.28
130.5;0.288
130.75;0.288
131;0.296
131.25;0.28
131.5;0.28
131.75;0.296
132;0.296
132.25;0.28
132.5;0.288
132.75;0.288
133;0.304
133.25;0.288
133.5;0.296
133.75;0.296
134;0.304
134.25;0.288
134.5;0.296
134.75;0.296
135;0.304
135.25;0.288
135.5;0.296
135.75;0.304
136;0.312
136.25;0.296
136.5;0.304
136.75;0.304
137;0.312
137.25;0.296
137.5;0.304
137.75;0.304
138;0.312
138.25;0.296
138.5;0.304
138.75;0.312
139;0.312
139.25;0.304
139.5;0.312
139.75;0.312
140;0.32
140.25;0.304
140.5;0.312
140.75;0.312
141;0.32
141.25;0.304
141.5;0.312
141.75;0.312
142;0.32
142.25;0.304
142.5;0.312
142.75;0.32
143;0.328
143.25;0.312
143.5;0.32
143.75;0.32
144;0.328
144.25;0.312
144.5;0.32
144.75;0.328
145;0.328
145.25;0.312
145.5;0.328
145.75;0.32
146;0.336
146.25;0.32
146.5;0.328
146.75;0.328
147;0.336
147.25;0.32
147.5;0.328
147.75;0.328
148;0.336
148.25;0.32
148.5;0.336
148.75;0.336
149;0.336
149.25;0.328
149.5;0.328
149.75;0.328
150;0.344
150.25;0.328
150.5;0.336
150.75;0.336
151;0.344
151.25;0.328
151.5;0.336
151.75;0.336
152;0.344
152.25;0.336
152.5;0.336
152.75;0.344
153;0.352
153.25;0.336
153.5;0.344
153.75;0.344
154;0.352
154.25;0.336
154.5;0.352
154.75;0.352
155;0.352
155.25;0.336
155.5;0.344
155.75;0.344
156;0.352
156.25;0.336
156.5;0.352
156.75;0.352
157;0.36
157.25;0.344
157.5;0.352
157.75;0.352
158;0.36
158.25;0.344
158.5;0.352
158.75;0.352
159;0.36
159.25;0.344
159.5;0.352
159.75;0.36
160;0.36
160.25;0.352
160.5;0.36
160.75;0.36
161;0.368
161.25;0.352
161.5;0.36
161.75;0.36
162;0.368
162.25;0.352
162.5;0.36
162.75;0.36
163;0.368
163.25;0.36
163.5;0.368
163.75;0.36
164;0.376
164.25;0.36
164.5;0.368
164.75;0.368
165;0.376
165.25;0.36
165.5;0.368
165.75;0.368
166;0.376
166.25;0.36
166.5;0.368
166.75;0.376
167;0.384
167.25;0.368
167.5;0.376
167.75;0.368
168;0.384
168.25;0.368
168.5;0.376
168.75;0.384
169;0.384
169.25;0.368
169.5;0.384
169.75;0.384
170;0.392
170.25;0.376
170.5;0.384
170.75;0.384
171;0.392
171.25;0.376
171.5;0.384
171.75;0.384
172;0.392
172.25;0.376
172.5;0.392
172.75;0.384
173;0.4
173.25;0.384
173.5;0.392
173.75;0.384
174;0.4
174.25;0.384
174.5;0.392
174.75;0.392
175;0.4
175.25;0.384
175.5;0.4
175.75;0.4
176;0.408
176.25;0.392
176.5;0.4
176.75;0.4
177;0.408
177.25;0.392
177.5;0.4
177.75;0.4
178;0.408
178.25;0.392
178.5;0.408
178.75;0.4
179;0.416
179.25;0.4
179.5;0.408
179.75;0.408
180;0.416
180.25;0.4
180.5;0.408
180.75;0.408
181;0.416
181.25;0.4
181.5;0.408
181.75;0.416
182;0.424
182.25;0.408
182.5;0.416
182.75;0.416
183;0.424
183.25;0.408
183.5;0.416
183.75;0.416
184;0.424
184.25;0.408
184.5;0.416
184.75;0.416
185;0.432
185.25;0.416
185.5;0.424
185.75;0.424
186;0.432
186.25;0.416
186.5;0.424
186.75;0.424
187;0.432
187.25;0.416
187.5;0.432
187.75;0.424
188;0.432
188.25;0.424
188.5;0.424
188.75;0.424
189;0.44
189.25;0.424
189.5;0.432
189.75;0.432
190;0.44
190.25;0.424
190.5;0.432
190.75;0.432
191;0.44
191.25;0.424
191.5;0.432
191.75;0.44
192;0.44
192.25;0.432
192.5;0.44
192.75;0.44
193;0.448
193.25;0.432
193.5;0.44
193.75;0.44
194;0.448
194.25;0.432
194.5;0.44
194.75;0.44
195;0.448
195.25;0.432
195.5;0.44
195.75;0.44
196;0.448
196.25;0.44
196.5;0.448
196.75;0.448
197;0.456
197.25;0.44
197.5;0.448
197.75;0.448
198;0.456
198.25;0.44
198.5;0.456
198.75;0.448
199;0.456
199.25;0.44
199.5;0.448
199.75;0.448
200;0.456
200.25;0.44
200.5;0.456
200.75;0.448
201;0.456
201.25;0.448
201.5;0.456
201.75;0.448
202;0.464
202.25;0.448
202.5;0.456
202.75;0.456
203;0.464
203.25;0.448
203.5;0.456
203.75;0.464
204;0.464
204.25;0.448
204.5;0.456
204.75;0.456
205;0.464
205.25;0.456
205.5;0.456
205.75;0.464
206;0.472
206.25;0.456
206.5;0.464
206.75;0.464
207;0.472
207.25;0.456
207.5;0.472
207.75;0.464
208;0.472
208.25;0.456
208.5;0.464
208.75;0.472
209;0.48
209.25;0.464
209.5;0.472
209.75;0.472
210;0.48
210.25;0.464
210.5;0.472
210.75;0.472
211;0.48
211.25;0.464
211.5;0.472
211.75;0.472
212;0.48
212.25;0.464
212.5;0.48
212.75;0.472
213;0.488
213.25;0.472
213.5;0.48
213.75;0.48
214;0.488
214.25;0.472
214.5;0.48
214.75;0.48
215;0.488
215.25;0.472
215.5;0.48
215.75;0.488
216;0.488
216.25;0.48
216.5;0.488
216.75;0.488
217;0.496
217.25;0.48
217.5;0.488
217.75;0.488
218;0.496
218.25;0.48
218.5;0.488
218.75;0.488
219;0.496
219.25;0.488
219.5;0.488
219.75;0.496
220;0.504
220.25;0.488
220.5;0.496
220.75;0.496
221;0.504
221.25;0.488
221.5;0.504
221.75;0.496
222;0.504
222.25;0.488
222.5;0.504
222.75;0.504
223;0.512
223.25;0.496
223.5;0.504
223.75;0.504
224;0.512
224.25;0.496
224.5;0.512
224.75;0.504
225;0.512
225.25;0.496
225.5;0.504
225.75;0.512
226;0.52
226.25;0.504
226.5;0.512
226.75;0.512
227;0.52
227.25;0.504
227.5;0.52
227.75;0.512
228;0.528
228.25;0.512
228.5;0.52
228.75;0.52
229;0.528
229.25;0.512
229.5;0.52
229.75;0.52
230;0.528
230.25;0.512
230.5;0.52
230.75;0.52
231;0.536
231.25;0.52
231.5;0.528
231.75;0.528
232;0.536
232.25;0.52
232.5;0.528
232.75;0.528
233;0.536
233.25;0.52
233.5;0.536
233.75;0.536
234;0.544
234.25;0.528
234.5;0.536
234.75;0.536
235;0.544
235.25;0.528
235.5;0.536
235.75;0.536
236;0.544
236.25;0.536
236.5;0.536
236.75;0.544
237;0.552
237.25;0.536
237.5;0.544
237.75;0.544
238;0.552
238.25;0.536
238.5;0.552
238.75;0.552
239;0.56
239.25;0.544
239.5;0.552
239.75;0.552
240;0.56
240.25;0.544
240.5;0.552
240.75;0.552
241;0.56
241.25;0.544
241.5;0.552
241.75;0.56
242;0.568
242.25;0.552
242.5;0.56
242.75;0.56
243;0.568
243.25;0.552
243.5;0.56
243.75;0.56
244;0.576
244.25;0.56
244.5;0.568
244.75;0.568
245;0.576
245.25;0.56
245.5;0.568
245.75;0.576
246;0.584
246.25;0.56
246.5;0.576
246.75;0.576
247;0.584
247.25;0.568
247.5;0.576
247.75;0.576
248;0.584
248.25;0.568
248.5;0.576
248.75;0.584
249;0.592
249.25;0.576
249.5;0.584
249.75;0.584
250;0.592
250.25;0.576
250.5;0.584
250.75;0.584
251;0.592
251.25;0.576
251.5;0.592
251.75;0.592
252;0.6
252.25;0.584
252.5;0.592
252.75;0.592
253;0.6
253.25;0.584
253.5;0.6
253.75;0.6
254;0.608
254.25;0.592
254.5;0.6
254.75;0.6
255;0.608
255.25;0.592
255.5;0.6
255.75;0.6
256;0.608
256.25;0.592
256.5;0.6
256.75;0.6
257;0.616
257.25;0.6
257.5;0.608
257.75;0.616
258;0.616
258.25;0.6
258.5;0.616
258.75;0.608
259;0.624
259.25;0.6
259.5;0.616
259.75;0.616
260;0.624
260.25;0.608
260.5;0.616
260.75;0.616
261;0.624
261.25;0.616
261.5;0.624
261.75;0.616
262;0.632
262.25;0.616
262.5;0.624
262.75;0.624
263;0.632
263.25;0.616
263.5;0.624
263.75;0.624
264;0.64
264.25;0.616
264.5;0.632
264.75;0.632
265;0.64
265.25;0.624
265.5;0.632
265.75;0.632
266;0.648
266.25;0.624
266.5;0.632
266.75;0.632
267;0.648
267.25;0.624
267.5;0.632
267.75;0.632
268;0.648
268.25;0.632
268.5;0.64
268.75;0.64
269;0.648
269.25;0.632
269.5;0.648
269.75;0.64
270;0.648
270.25;0.632
270.5;0.648
270.75;0.648
271;0.656
271.25;0.64
271.5;0.648
271.75;0.648
272;0.656
272.25;0.64
272.5;0.648
272.75;0.656
273;0.656
273.25;0.64
273.5;0.656
273.75;0.648
274;0.656
274.25;0.64
274.5;0.656
274.75;0.656
275;0.664
275.25;0.648
275.5;0.656
275.75;0.656
276;0.664
276.25;0.648
276.5;0.656
276.75;0.656
277;0.664
277.25;0.648
277.5;0.656
277.75;0.656
278;0.664
278.25;0.648
278.5;0.656
278.75;0.656
279;0.664
279.25;0.648
279.5;0.664
279.75;0.664
280;0.664
280.25;0.656
280.5;0.664
280.75;0.656
281;0.672
281.25;0.656
281.5;0.664
281.75;0.664
282;0.672
282.25;0.656
282.5;0.664
282.75;0.664
283;0.672
283.25;0.656
283.5;0.664
283.75;0.664
284;0.672
284.25;0.656
284.5;0.656
284.75;0.656
285;0.672
285.25;0.656
285.5;0.664
285.75;0.664
286;0.672
286.25;0.656
286.5;0.664
286.75;0.664
287;0.672
287.25;0.656
287.5;0.664
287.75;0.664
288;0.672
288.25;0.656
288.5;0.664
288.75;0.664
289;0.672
289.25;0.656
289.5;0.664
289.75;0.664
290;0.672
290.25;0.656
290.5;0.664
290.75;0.664
291;0.672
291.25;0.656
291.5;0.664
291.75;0.664
292;0.672
292.25;0.656
292.5;0.664
292.75;0.664
293;0.672
293.25;0.656
293.5;0.664
293.75;0.664
294;0.672
294.25;0.656
294.5;0.664
294.75;0.664
295;0.672
295.25;0.656
295.5;0.664
295.75;0.664
296;0.672
296.25;0.656
296.5;0.672
296.75;0.664
297;0.672
297.25;0.656
297.5;0.664
297.75;0.664
298;0.672
298.25;0.656
298.5;0.672
298.75;0.664
299;0.672
299.25;0.656
299.5;0.664
299.75;0.664
300;0.672
300.25;0.656
300.5;0.664
300.75;0.664
301;0.672
301.25;0.656
301.5;0.672
301.75;0.664
302;0.672
302.25;0.656
302.5;0.664
302.75;0.672
303;0.672
303.25;0.664
303.5;0.664
303.75;0.672
304;0.68
304.25;0.664
304.5;0.672
304.75;0.672
305;0.68
305.25;0.664
305.5;0.672
305.75;0.672
306;0.68
306.25;0.664
306.5;0.672
306.75;0.672
307;0.68
307.25;0.664
307.5;0.672
307.75;0.672
308;0.68
308.25;0.664
308.5;0.672
308.75;0.672
309;0.68
309.25;0.672
309.5;0.68
309.75;0.68
310;0.688
310.25;0.672
310.5;0.68
310.75;0.68
311;0.688
311.25;0.672
311.5;0.68
311.75;0.68
312;0.696
312.25;0.672
312.5;0.68
312.75;0.68
313;0.696
313.25;0.672
313.5;0.688
313.75;0.688
314;0.696
314.25;0.68
314.5;0.688
314.75;0.688
315;0.696
315.25;0.68
315.5;0.688
315.75;0.688
316;0.696
316.25;0.68
316.5;0.688
316.75;0.688
317;0.704
317.25;0.688
317.5;0.696
317.75;0.696
318;0.704
318.25;0.688
318.5;0.696
318.75;0.704
319;0.704
319.25;0.688
319.5;0.704
319.75;0.704
320;0.704
320.25;0.688
320.5;0.704
320.75;0.704
321;0.72
321.25;0.672
321.5;0.704
321.75;0.704
322;0.712
322.25;0.696
322.5;0.704
322.75;0.712
323;0.712
323.25;0.696
323.5;0.704
323.75;0.712
324;0.72
324.25;0.704
324.5;0.712
324.75;0.712
325;0.72
325.25;0.704
325.5;0.712
325.75;0.712
326;0.72
326.25;0.712
326.5;0.712
326.75;0.712
327;0.728
327.25;0.712
327.5;0.72
327.75;0.72
328;0.728
328.25;0.712
328.5;0.72
328.75;0.728
329;0.736
329.25;0.72
329.5;0.728
329.75;0.728
330;0.736
330.25;0.72
330.5;0.728
330.75;0.728
331;0.736
331.25;0.72
331.5;0.728
331.75;0.728
332;0.736
332.25;0.72
332.5;0.736
332.75;0.736
333;0.744
333.25;0.728
333.5;0.736
333.75;0.736
334;0.744
334.25;0.728
334.5;0.736
334.75;0.736
335;0.744
335.25;0.728
335.5;0.744
335.75;0.736
336;0.752
336.25;0.736
336.5;0.744
336.75;0.744
337;0.752
337.25;0.736
337.5;0.744
337.75;0.744
338;0.752
338.25;0.736
338.5;0.752
338.75;0.752
339;0.76
339.25;0.744
339.5;0.76
339.75;0.752
340;0.76
340.25;0.744
340.5;0.752
340.75;0.76
341;0.76
341.25;0.752
341.5;0.76
341.75;0.76
342;0.768
342.25;0.752
342.5;0.76
342.75;0.76
343;0.768
343.25;0.752
343.5;0.76
343.75;0.76
344;0.776
344.25;0.76
344.5;0.76
344.75;0.768
345;0.776
345.25;0.76
345.5;0.768
345.75;0.768
346;0.776
346.25;0.76
346.5;0.768
346.75;0.776
347;0.784
347.25;0.768
347.5;0.776
347.75;0.776
348;0.784
348.25;0.768
348.5;0.776
348.75;0.776
349;0.784
349.25;0.768
349.5;0.784
349.75;0.784
350;0.792
350.25;0.768
350.5;0.784
350.75;0.784
351;0.792
351.25;0.776
351.5;0.784
351.75;0.784
352;0.792
352.25;0.776
352.5;0.792
352.75;0.784
353;0.8
353.25;0.784
353.5;0.792
353.75;0.792
354;0.8
354.25;0.784
354.5;0.792
354.75;0.792
355;0.8
355.25;0.784
355.5;0.8
355.75;0.8
356;0.808
356.25;0.792
356.5;0.8
356.75;0.8
357;0.808
357.25;0.792
357.5;0.808
357.75;0.8
358;0.816
358.25;0.8
358.5;0.808
358.75;0.808
359;0.816
359.25;0.8
359.5;0.808
359.75;0.808
360;0.816
360.25;0.8
360.5;0.808
360.75;0.808
361;0.824
361.25;0.808
361.5;0.816
361.75;0.816
362;0.824
362.25;0.808
362.5;0.816
362.75;0.816
363;0.824
363.25;0.808
363.5;0.824
363.75;0.824
364;0.832
364.25;0.816
364.5;0.824
364.75;0.824
365;0.832
365.25;0.816
365.5;0.824
365.75;0.824
366;0.832
366.25;0.816
366.5;0.832
366.75;0.832
367;0.84
367.25;0.824
367.5;0.832
367.75;0.832
368;0.84
368.25;0.824
368.5;0.84
368.75;0.832
369;0.84
369.25;0.824
369.5;0.84
369.75;0.84
370;0.848
370.25;0.832
370.5;0.84
370.75;0.84
371;0.848
371.25;0.832
371.5;0.84
371.75;0.84
372;0.856
372.25;0.84
372.5;0.848
372.75;0.84
373;0.856
373.25;0.84
373.5;0.848
373.75;0.856
374;0.856
374.25;0.84
374.5;0.856
374.75;0.856
375;0.864
375.25;0.848
375.5;0.856
375.75;0.856
376;0.864
376.25;0.848
376.5;0.856
376.75;0.856
377;0.872
377.25;0.856
377.5;0.864
377.75;0.864
378;0.872
378.25;0.848
378.5;0.864
378.75;0.864
379;0.872
379.25;0.856
379.5;0.864
379.75;0.872
380;0.88
380.25;0.856
380.5;0.872
380.75;0.872
381;0.88
381.25;0.864
381.5;0.88
381.75;0.872
382;0.88
382.25;0.864
382.5;0.88
382.75;0.872
383;0.888
383.25;0.872
383.5;0.88
383.75;0.88
384;0.888
384.25;0.872
384.5;0.88
384.75;0.88
385;0.888
385.25;0.872
385.5;0.888
385.75;0.888
386;0.896
386.25;0.88
386.5;0.888
386.75;0.888
387;0.896
387.25;0.88
387.5;0.888
387.75;0.888
388;0.904
388.25;0.888
388.5;0.896
388.75;0.896
389;0.904
389.25;0.888
389.5;0.896
389.75;0.896
390;0.904
390.25;0.888
390.5;0.904
390.75;0.904
391;0.912
391.25;0.896
391.5;0.904
391.75;0.904
392;0.912
392.25;0.896
392.5;0.904
392.75;0.912
393;0.92
393.25;0.896
393.5;0.912
393.75;0.904
394;0.92
394.25;0.904
394.5;0.912
394.75;0.912
395;0.92
395.25;0.904
395.5;0.92
395.75;0.912
396;0.928
396.25;0.912
396.5;0.92
396.75;0.92
397;0.928
397.25;0.912
397.5;0.92
397.75;0.92
398;0.928
398.25;0.92
398.5;0.928
398.75;0.928
399;0.936
399.25;0.92
399.5;0.928
399.75;0.928
400;0.936
400.25;0.92
400.5;0.928
400.75;0.936
401;0.944
401.25;0.928
401.5;0.936
401.75;0.936
402;0.944
402.25;0.928
402.5;0.936
402.75;0.936
403;0.952
403.25;0.936
403.5;0.944
403.75;0.944
404;0.952
404.25;0.936
404.5;0.944
404.75;0.944
405;0.952
405.25;0.936
405.5;0.944
405.75;0.952
406;0.96
406.25;0.944
406.5;0.952
406.75;0.952
407;0.96
407.25;0.944
407.5;0.952
407.75;0.96
408;0.968
408.25;0.952
408.5;0.96
408.75;0.96
409;0.968
409.25;0.952
409.5;0.96
409.75;0.96
410;0.976
410.25;0.96
410.5;0.96
410.75;0.96
411;0.976
411.25;0.96
411.5;0.968
411.75;0.968
412;0.984
412.25;0.96
412.5;0.976
412.75;0.976
413;0.984
413.25;0.968
413.5;0.976
413.75;0.976
414;0.984
414.25;0.968
414.5;0.976
414.75;0.984
415;0.992
415.25;0.976
415.5;0.984
415.75;0.984
416;0.992
416.25;0.976
416.5;0.992
416.75;0.992
417;1
417.25;0.984
417.5;0.992
417.75;0.992
418;1
418.25;0.984
418.5;1
418.75;1
419;1.008
419.25;0.992
419.5;1
419.75;1
420;1.008
420.25;0.992
420.5;1
420.75;1.008
421;1.016
421.25;0.992
421.5;1.008
421.75;1.008
422;1.016
422.25;1
422.5;1.008
422.75;1.016
423;1.024
423.25;1.008
423.5;1.016
423.75;1.008
424;1.024
424.25;1.008
424.5;1.024
424.75;1.016
425;1.032
425.25;1.016
425.5;1.024
425.75;1.024
426;1.032
426.25;1.016
426.5;1.032
426.75;1.024
427;1.04
427.25;1.016
427.5;1.024
427.75;1.032
428;1.04
428.25;1.024
428.5;1.032
428.75;1.032
429;1.048
429.25;1.024
429.5;1.04
429.75;1.04
430;1.048
430.25;1.032
430.5;1.04
430.75;1.04
431;1.056
431.25;1.04
431.5;1.048
431.75;1.048
432;1.056
432.25;1.04
432.5;1.048
432.75;1.048
433;1.064
433.25;1.04
433.5;1.056
433.75;1.056
434;1.064
434.25;1.048
434.5;1.056
434.75;1.056
435;1.072
435.25;1.056
435.5;1.064
435.75;1.056
436;1.072
436.25;1.056
436.5;1.064
436.75;1.072
437;1.08
437.25;1.064
437.5;1.072
437.75;1.072
438;1.08
438.25;1.064
438.5;1.072
438.75;1.072
439;1.088
439.25;1.072
439.5;1.072
439.75;1.08
440;1.088
440.25;1.072
440.5;1.088
440.75;1.08
441;1.096
441.25;1.08
441.5;1.088
441.75;1.088
442;1.096
442.25;1.08
442.5;1.096
442.75;1.088
443;1.104
443.25;1.088
443.5;1.096
443.75;1.104
444;1.104
444.25;1.088
444.5;1.104
444.75;1.104
445;1.112
445.25;1.096
445.5;1.104
445.75;1.104
446;1.12
446.25;1.104
446.5;1.112
446.75;1.112
447;1.12
447.25;1.104
447.5;1.12
447.75;1.12
448;1.128
448.25;1.104
448.5;1.12
448.75;1.12
449;1.128
449.25;1.112
449.5;1.128
449.75;1.128
450;1.136
450.25;1.096
450.5;1.128
450.75;1.128
451;1.144
451.25;1.12
451.5;1.136
451.75;1.136
452;1.144
452.25;1.128
452.5;1.136
452.75;1.136
453;1.152
453.25;1.128
453.5;1.144
453.75;1.144
454;1.152
454.25;1.136
454.5;1.144
454.75;1.152
455;1.16
455.25;1.144
455.5;1.152
455.75;1.152
456;1.168
456.25;1.144
456.5;1.16
456.75;1.16
457;1.168
457.25;1.152
457.5;1.16
457.75;1.16
458;1.176
458.25;1.152
458.5;1.168
458.75;1.168
459;1.176
459.25;1.16
459.5;1.176
459.75;1.168
460;1.184
460.25;1.168
460.5;1.176
460.75;1.176
461;1.184
461.25;1.168
461.5;1.176
461.75;1.184
462;1.192
462.25;1.176
462.5;1.184
462.75;1.184
463;1.2
463.25;1.176
463.5;1.192
463.75;1.192
464;1.2
464.25;1.184
464.5;1.2
464.75;1.192
465;1.208
465.25;1.192
465.5;1.2
465.75;1.2
466;1.216
466.25;1.192
466.5;1.208
466.75;1.208
467;1.216
467.25;1.2
467.5;1.216
467.75;1.216
468;1.224
468.25;1.2
468.5;1.216
468.75;1.216
469;1.224
469.25;1.208
469.5;1.224
469.75;1.224
470;1.232
470.25;1.216
470.5;1.224
470.75;1.224
471;1.24
471.25;1.216
471.5;1.232
471.75;1.232
472;1.24
472.25;1.224
472.5;1.24
472.75;1.232
473;1.248
473.25;1.232
473.5;1.24
473.75;1.24
474;1.256
474.25;1.232
474.5;1.248
474.75;1.248
475;1.256
475.25;1.24
475.5;1.248
475.75;1.248
476;1.264
476.25;1.248
476.5;1.256
476.75;1.256
477;1.272
477.25;1.248
477.5;1.264
477.75;1.264
478;1.272
478.25;1.256
478.5;1.264
478.75;1.264
479;1.28
479.25;1.256
479.5;1.272
479.75;1.272
480;1.28
480.25;1.264
480.5;1.272
480.75;1.272
481;1.288
481.25;1.272
481.5;1.28
481.75;1.28
482;1.288
482.25;1.272
482.5;1.288
482.75;1.28
483;1.296
483.25;1.28
483.5;1.288
483.75;1.288
484;1.296
484.25;1.28
484.5;1.288
484.75;1.288
485;1.304
485.25;1.288
485.5;1.296
485.75;1.296
486;1.304
486.25;1.288
486.5;1.296
486.75;1.296
487;1.312
487.25;1.288
487.5;1.304
487.75;1.304
488;1.312
488.25;1.296
488.5;1.296
488.75;1.304
489;1.312
489.25;1.296
489.5;1.312
489.75;1.304
490;1.312
490.25;1.296
490.5;1.312
490.75;1.304
491;1.32
491.25;1.304
491.5;1.312
491.75;1.304
492;1.32
492.25;1.304
492.5;1.312
492.75;1.312
493;1.32
493.25;1.304
493.5;1.312
493.75;1.312
494;1.32
494.25;1.304
494.5;1.312
494.75;1.312
495;1.32
495.25;1.304
495.5;1.312
495.75;1.312
496;1.32
496.25;1.304
496.5;1.312
496.75;1.312
497;1.32
497.25;1.304
497.5;1.312
497.75;1.312
498;1.32
498.25;1.304
498.5;1.312
498.75;1.312
499;1.32
499.25;1.304
499.5;1.312
499.75;1.312
500;1.32
500.25;1.304
500.5;1.312
500.75;1.32
501;1.32
501.25;1.304
501.5;1.312
501.75;1.312
502;1.32
502.25;1.304
502.5;1.312
502.75;1.312
503;1.32
503.25;1.304
503.5;1.312
503.75;1.312
504;1.32
504.25;1.304
504.5;1.312
504.75;1.312
505;1.32
505.25;1.304
505.5;1.304
505.75;1.32
506;1.32
506.25;1.304
506.5;1.312
506.75;1.312
507;1.32
507.25;1.304
507.5;1.312
507.75;1.312
508;1.32
508.25;1.304
508.5;1.32
508.75;1.312
509;1.32
509.25;1.304
509.5;1.312
509.75;1.312
510;1.32
510.25;1.312
510.5;1.312
510.75;1.32
511;1.32
511.25;1.312
511.5;1.32
511.75;1.32
512;1.32
512.25;1.304
512.5;1.32
512.75;1.312
513;1.32
513.25;1.304
513.5;1.312
513.75;1.312
514;1.328
514.25;1.312
514.5;1.312
514.75;1.312
515;1.32
515.25;1.312
515.5;1.312
515.75;1.32
516;1.328
516.25;1.312
516.5;1.312
516.75;1.312
517;1.32
517.25;1.312
517.5;1.32
517.75;1.312
518;1.32
518.25;1.312
518.5;1.312
518.75;1.312
519;1.32
519.25;1.304
519.5;1.32
519.75;1.312
520;1.32
520.25;1.304
520.5;1.32
520.75;1.312
521;1.32
521.25;1.304
521.5;1.312
521.75;1.312
522;1.328
522.25;1.304
522.5;1.32
522.75;1.32
523;1.328
523.25;1.312
523.5;1.32
523.75;1.32
524;1.32
524.25;1.312
524.5;1.32
524.75;1.32
525;1.32
525.25;1.312
525.5;1.32
525.75;1.32
526;1.32
526.25;1.304
526.5;1.32
526.75;1.312
527;1.32
527.25;1.304
527.5;1.32
527.75;1.312
528;1.32
528.25;1.312
528.5;1.312
528.75;1.312
529;1.32
529.25;1.312
529.5;1.312
529.75;1.32
530;1.32
530.25;1.312
530.5;1.32
530.75;1.32
531;1.328
531.25;1.312
531.5;1.32
531.75;1.312
532;1.328
532.25;1.304
532.5;1.312
532.75;1.312
533;1.32
533.25;1.304
533.5;1.32
533.75;1.312
534;1.32
534.25;1.312
534.5;1.312
534.75;1.312
535;1.32
535.25;1.304
535.5;1.312
535.75;1.32
536;1.32
536.25;1.304
536.5;1.312
536.75;1.312
537;1.32
537.25;1.312
537.5;1.312
537.75;1.32
538;1.32
538.25;1.312
538.5;1.32
538.75;1.32
539;1.328
539.25;1.312
539.5;1.32
539.75;1.312
540;1.32
540.25;1.304
540.5;1.32
540.75;1.312
541;1.328
541.25;1.304
541.5;1.312
541.75;1.312
542;1.32
542.25;1.304
542.5;1.312
542.75;1.312
543;1.328
543.25;1.312
543.5;1.32
543.75;1.312
544;1.32
544.25;1.304
544.5;1.32
544.75;1.32
545;1.32
545.25;1.304
545.5;1.32
545.75;1.32
546;1.32
546.25;1.304
546.5;1.32
546.75;1.312
547;1.32
547.25;1.304
547.5;1.312
547.75;1.312
548;1.32
548.25;1.304
548.5;1.312
548.75;1.312
549;1.32
549.25;1.312
549.5;1.312
549.75;1.32
550;1.32
550.25;1.304
550.5;1.312
550.75;1.312
551;1.32
551.25;1.312
551.5;1.312
551.75;1.312
552;1.32
552.25;1.304
552.5;1.312
552.75;1.312
553;1.32
553.25;1.304
553.5;1.312
553.75;1.312
554;1.32
554.25;1.304
554.5;1.32
554.75;1.312
555;1.32
555.25;1.304
555.5;1.312
555.75;1.32
556;1.32
556.25;1.304
556.5;1.312
556.75;1.312
557;1.32
557.25;1.312
557.5;1.32
557.75;1.312
558;1.32
558.25;1.312
558.5;1.312
558.75;1.312
559;1.32
559.25;1.304
559.5;1.312
559.75;1.32
560;1.32
560.25;1.304
560.5;1.32
560.75;1.312
561;1.32
561.25;1.304
561.5;1.32
561.75;1.32
562;1.32
562.25;1.312
562.5;1.312
562.75;1.32
563;1.32
563.25;1.312
563.5;1.312
563.75;1.312
564;1.32
564.25;1.304
564.5;1.32
564.75;1.32
565;1.32
565.25;1.304
565.5;1.312
565.75;1.32
566;1.32
566.25;1.312
566.5;1.32
566.75;1.312
567;1.32
567.25;1.304
567.5;1.312
567.75;1.32
568;1.32
568.25;1.312
568.5;1.32
568.75;1.312
569;1.328
569.25;1.304
569.5;1.312
569.75;1.32
570;1.32
570.25;1.304
570.5;1.312
570.75;1.32
571;1.32
571.25;1.304
571.5;1.32
571.75;1.312
572;1.32
572.25;1.304
572.5;1.312
572.75;1.32
573;1.32
573.25;1.304
573.5;1.32
573.75;1.32
574;1.328
574.25;1.304
574.5;1.312
574.75;1.32
575;1.32
575.25;1.304
575.5;1.312
575.75;1.32
576;1.328
576.25;1.304
576.5;1.312
576.75;1.312
577;1.328
577.25;1.312
577.5;1.32
577.75;1.32
578;1.328
578.25;1.312
578.5;1.32
578.75;1.32
579;1.328
579.25;1.312
579.5;1.32
579.75;1.32
580;1.32
580.25;1.304
580.5;1.32
580.75;1.32
581;1.328
581.25;1.304
581.5;1.32
581.75;1.32
582;1.32
582.25;1.304
582.5;1.32
582.75;1.312
583;1.32
583.25;1.304
583.5;1.312
583.75;1.32
584;1.32
584.25;1.312
584.5;1.312
584.75;1.312
585;1.32
585.25;1.304
585.5;1.32
585.75;1.312
586;1.32
586.25;1.304
586.5;1.312
586.75;1.312
587;1.32
587.25;1.304
587.5;1.312
587.75;1.312
588;1.32
588.25;1.312
588.5;1.312
588.75;1.32
589;1.32
589.25;1.304
589.5;1.32
589.75;1.312
590;1.32
590.25;1.312
590.5;1.312
590.75;1.32
591;1.32
591.25;1.312
591.5;1.312
591.75;1.32
592;1.32
592.25;1.304
592.5;1.312
592.75;1.32
593;1.32
593.25;1.304
593.5;1.312
593.75;1.312
594;1.32
594.25;1.304
594.5;1.32
594.75;1.312
595;1.328
595.25;1.312
595.5;1.32
595.75;1.312
596;1.328
596.25;1.304
596.5;1.312
596.75;1.312
597;1.32
597.25;1.312
597.5;1.32
597.75;1.32
598;1.32
598.25;1.304
598.5;1.32
598.75;1.312
599;1.32
599.25;1.304
599.5;1.32
599.75;1.312
600;1.32
600.25;1.304
600.5;1.312
600.75;1.312
601;1.32
601.25;1.304
601.5;1.312
601.75;1.32
602;1.32
602.25;1.312
602.5;1.32
602.75;1.32
603;1.32
603.25;1.304
603.5;1.32
603.75;1.312
604;1.32
604.25;1.304
604.5;1.312
604.75;1.312
605;1.328
605.25;1.312
605.5;1.312
605.75;1.312
606;1.32
606.25;1.304
606.5;1.312
606.75;1.312
607;1.328
607.25;1.304
607.5;1.312
607.75;1.32
608;1.32
608.25;1.304
608.5;1.312
608.75;1.312
609;1.32
609.25;1.304
609.5;1.32
609.75;1.32
610;1.32
610.25;1.312
610.5;1.312
610.75;1.312
611;1.32
611.25;1.304
611.5;1.312
611.75;1.32
612;1.32
612.25;1.304
612.5;1.312
612.75;1.32
613;1.32
613.25;1.312
613.5;1.312
613.75;1.312
614;1.32
614.25;1.304
614.5;1.32
614.75;1.312
615;1.32
615.25;1.312
615.5;1.32
615.75;1.32
616;1.32
616.25;1.312
616.5;1.312
616.75;1.312
617;1.32
617.25;1.304
617.5;1.312
617.75;1.32
618;1.32
618.25;1.304
618.5;1.312
618.75;1.312
619;1.32
619.25;1.304
619.5;1.32
619.75;1.32
620;1.32
620.25;1.304
620.5;1.312
620.75;1.312
621;1.32
621.25;1.304
621.5;1.32
621.75;1.32
622;1.328
622.25;1.312
622.5;1.32
622.75;1.32
623;1.32
623.25;1.312
623.5;1.312
623.75;1.32
624;1.32
624.25;1.304
624.5;1.312
624.75;1.312
625;1.328
625.25;1.304
625.5;1.32
625.75;1.312
626;1.328
626.25;1.304
626.5;1.312
626.75;1.312
627;1.32
627.25;1.312
627.5;1.32
627.75;1.312
628;1.32
628.25;1.304
628.5;1.312
628.75;1.312
629;1.32
629.25;1.312
629.5;1.32
629.75;1.312
630;1.32
630.25;1.304
630.5;1.32
630.75;1.312
631;1.328
631.25;1.304
631.5;1.312
631.75;1.312
632;1.32
632.25;1.304
632.5;1.32
632.75;1.312
633;1.328
633.25;1.304
633.5;1.32
633.75;1.312
634;1.32
634.25;1.304
634.5;1.312
634.75;1.312
635;1.32
635.25;1.312
635.5;1.32
635.75;1.312
636;1.32
636.25;1.312
636.5;1.32
636.75;1.32
637;1.328
637.25;1.312
637.5;1.32
637.75;1.32
638;1.32
638.25;1.304
638.5;1.32
638.75;1.312
639;1.32
639.25;1.312
639.5;1.32
639.75;1.312
640;1.328
640.25;1.312
640.5;1.32
640.75;1.312
641;1.32
641.25;1.312
641.5;1.312
641.75;1.312
642;1.32
642.25;1.304
642.5;1.312
642.75;1.312
643;1.32
643.25;1.312
643.5;1.312
643.75;1.32
644;1.32
644.25;1.312
644.5;1.32
644.75;1.312
645;1.32
645.25;1.304
645.5;1.32
645.75;1.312
646;1.328
646.25;1.312
646.5;1.312
646.75;1.32
647;1.328
647.25;1.312
647.5;1.32
647.75;1.32
648;1.328
648.25;1.312
648.5;1.32
648.75;1.312
649;1.328
649.25;1.304
649.5;1.312
649.75;1.32
650;1.32
650.25;1.312
650.5;1.312
650.75;1.312
651;1.328
651.25;1.312
651.5;1.312
651.75;1.32
652;1.328
652.25;1.312
652.5;1.32
652.75;1.32
653;1.328
653.25;1.312
653.5;1.32
653.75;1.32
654;1.328
654.25;1.312
654.5;1.32
654.75;1.32
655;1.328
655.25;1.312
655.5;1.32
655.75;1.32
656;1.328
656.25;1.312
656.5;1.32
656.75;1.32
657;1.328
657.25;1.312
657.5;1.328
657.75;1.32
658;1.328
658.25;1.312
658.5;1.32
658.75;1.328
659;1.336
659.25;1.32
659.5;1.32
659.75;1.328
660;1.336
660.25;1.32
660.5;1.328
660.75;1.328
661;1.336
661.25;1.32
661.5;1.328
661.75;1.328
662;1.336
662.25;1.32
662.5;1.328
662.75;1.336
663;1.344
663.25;1.328
663.5;1.336
663.75;1.336
664;1.344
664.25;1.328
664.5;1.336
664.75;1.344
665;1.344
665.25;1.328
665.5;1.336
665.75;1.336
666;1.352
666.25;1.336
666.5;1.344
666.75;1.344
667;1.352
667.25;1.336
667.5;1.344
667.75;1.344
668;1.36
668.25;1.336
668.5;1.352
668.75;1.344
669;1.36
669.25;1.344
669.5;1.352
669.75;1.352
670;1.36
670.25;1.344
670.5;1.36
670.75;1.352
671;1.368
671.25;1.352
671.5;1.36
671.75;1.36
672;1.368
672.25;1.352
672.5;1.368
672.75;1.36
673;1.376
673.25;1.352
673.5;1.368
673.75;1.36
674;1.376
674.25;1.36
674.5;1.368
674.75;1.368
675;1.376
675.25;1.36
675.5;1.368
675.75;1.376
676;1.384
676.25;1.368
676.5;1.376
676.75;1.376
677;1.384
677.25;1.368
677.5;1.376
677.75;1.376
678;1.384
678.25;1.368
678.5;1.384
678.75;1.376
679;1.392
679.25;1.376
679.5;1.384
679.75;1.384
680;1.392
680.25;1.376
680.5;1.384
680.75;1.384
681;1.392
681.25;1.376
681.5;1.392
681.75;1.392
682;1.4
682.25;1.384
682.5;1.392
682.75;1.392
683;1.4
683.25;1.384
683.5;1.392
683.75;1.4
684;1.408
684.25;1.392
684.5;1.4
684.75;1.4
685;1.408
685.25;1.392
685.5;1.4
685.75;1.4
686;1.408
686.25;1.392
686.5;1.408
686.75;1.408
687;1.416
687.25;1.4
687.5;1.408
687.75;1.408
688;1.416
688.25;1.4
688.5;1.416
688.75;1.408
689;1.416
689.25;1.4
689.5;1.408
689.75;1.416
690;1.424
690.25;1.408
690.5;1.416
690.75;1.416
691;1.424
691.25;1.408
691.5;1.424
691.75;1.416
692;1.432
692.25;1.408
692.5;1.416
692.75;1.424
693;1.432
693.25;1.416
693.5;1.424
693.75;1.424
694;1.432
694.25;1.416
694.5;1.432
694.75;1.432
695;1.44
695.25;1.424
695.5;1.432
695.75;1.432
696;1.44
696.25;1.424
696.5;1.432
696.75;1.432
697;1.448
697.25;1.424
697.5;1.432
697.75;1.432
698;1.448
698.25;1.424
698.5;1.44
698.75;1.44
699;1.448
699.25;1.432
699.5;1.44
699.75;1.44
700;1.456
700.25;1.432
700.5;1.44
700.75;1.448
701;1.456
701.25;1.44
701.5;1.448
701.75;1.448
702;1.456
702.25;1.44
702.5;1.456
702.75;1.448
703;1.464
703.25;1.44
703.5;1.456
703.75;1.448
704;1.464
704.25;1.448
704.5;1.456
704.75;1.456
705;1.464
705.25;1.448
705.5;1.456
705.75;1.456
706;1.464
706.25;1.448
706.5;1.456
706.75;1.464
707;1.472
707.25;1.456
707.5;1.464
707.75;1.464
708;1.472
708.25;1.456
708.5;1.464
708.75;1.464
709;1.48
709.25;1.456
709.5;1.464
709.75;1.472
710;1.48
710.25;1.464
710.5;1.472
710.75;1.464
711;1.48
711.25;1.464
711.5;1.472
711.75;1.472
712;1.488
712.25;1.464
712.5;1.48
712.75;1.472
713;1.488
713.25;1.472
713.5;1.48
713.75;1.48
714;1.488
714.25;1.472
714.5;1.48
714.75;1.488
715;1.496
715.25;1.48
715.5;1.48
715.75;1.488
716;1.496
716.25;1.48
716.5;1.488
716.75;1.488
717;1.496
717.25;1.48
717.5;1.488
717.75;1.496
718;1.504
718.25;1.48
718.5;1.488
718.75;1.496
719;1.504
719.25;1.488
719.5;1.496
719.75;1.496
720;1.504
720.25;1.488
720.5;1.496
720.75;1.496
721;1.512
721.25;1.488
721.5;1.504
721.75;1.496
722;1.512
722.25;1.496
722.5;1.504
722.75;1.504
723;1.512
723.25;1.496
723.5;1.504
723.75;1.504
724;1.52
724.25;1.496
724.5;1.504
724.75;1.512
725;1.52
725.25;1.504
725.5;1.512
725.75;1.512
726;1.52
726.25;1.504
726.5;1.512
726.75;1.512
727;1.528
727.25;1.512
727.5;1.512
727.75;1.52
728;1.528
728.25;1.512
728.5;1.52
728.75;1.52
729;1.528
729.25;1.512
729.5;1.52
729.75;1.52
730;1.536
730.25;1.52
730.5;1.528
730.75;1.528
731;1.536
731.25;1.52
731.5;1.528
731.75;1.528
732;1.536
732.25;1.52
732.5;1.536
732.75;1.528
733;1.544
733.25;1.52
733.5;1.536
733.75;1.536
734;1.544
734.25;1.528
734.5;1.536
734.75;1.536
735;1.544
735.25;1.528
735.5;1.536
735.75;1.536
736;1.544
736.25;1.528
736.5;1.536
736.75;1.536
737;1.544
737.25;1.528
737.5;1.536
737.75;1.536
738;1.544
738.25;1.528
738.5;1.536
738.75;1.528
739;1.544
739.25;1.528
739.5;1.536
739.75;1.536
740;1.544
740.25;1.528
740.5;1.536
740.75;1.536
741;1.544
741.25;1.528
741.5;1.536
741.75;1.536
742;1.544
742.25;1.528
742.5;1.536
742.75;1.536
743;1.544
743.25;1.528
743.5;1.536
743.75;1.536
744;1.544
744.25;1.528
744.5;1.536
744.75;1.536
745;1.544
745.25;1.528
745.5;1.544
745.75;1.536
746;1.544
746.25;1.528
746.5;1.536
746.75;1.528
747;1.544
747.25;1.528
747.5;1.536
747.75;1.536
748;1.544
748.25;1.528
748.5;1.536
748.75;1.536
749;1.544
749.25;1.528
749.5;1.536
749.75;1.536
750;1.544
750.25;1.528
750.5;1.536
750.75;1.536
751;1.544
751.25;1.528
751.5;1.536
751.75;1.536
752;1.544
752.25;1.528
752.5;1.536
752.75;1.536
753;1.544
753.25;1.528
753.5;1.536
753.75;1.536
754;1.544
754.25;1.528
754.5;1.536
754.75;1.536
755;1.544
755.25;1.528
755.5;1.536
