# Oscilloscope file ./2K-hall-20uA-U.bin
# Channel 2
Time / s;Voltage / V
0;0.072
0.25;0.076
0.5;0.07
0.75;0.072
1;0.074
1.25;0.076
1.5;0.07
1.75;0.074
2;0.074
2.25;0.078
2.5;0.07
2.75;0.074
3;0.074
3.25;0.078
3.5;0.07
3.75;0.076
4;0.074
4.25;0.08
4.5;0.07
4.75;0.078
5;0.074
5.25;0.08
5.5;0.072
5.75;0.076
6;0.076
6.25;0.082
6.5;0.072
6.75;0.076
7;0.078
7.25;0.082
7.5;0.074
7.75;0.078
8;0.078
8.25;0.082
8.5;0.074
8.75;0.08
9;0.08
9.25;0.084
9.5;0.074
9.75;0.08
10;0.078
10.25;0.084
10.5;0.076
10.75;0.082
11;0.08
11.25;0.086
11.5;0.076
11.75;0.082
12;0.082
12.25;0.086
12.5;0.078
12.75;0.082
13;0.082
13.25;0.086
13.5;0.078
13.75;0.084
14;0.082
14.25;0.088
14.5;0.08
14.75;0.084
15;0.084
15.25;0.088
15.5;0.08
15.75;0.084
16;0.086
16.25;0.09
16.5;0.08
16.75;0.086
17;0.086
17.25;0.09
17.5;0.082
17.75;0.086
18;0.086
18.25;0.09
18.5;0.082
18.75;0.086
19;0.088
19.25;0.09
19.5;0.082
19.75;0.09
20;0.088
20.25;0.092
20.5;0.082
20.75;0.088
21;0.088
21.25;0.092
21.5;0.084
21.75;0.088
22;0.09
22.25;0.092
22.5;0.084
22.75;0.088
23;0.088
23.25;0.092
23.5;0.084
23.75;0.088
24;0.088
24.25;0.094
24.5;0.084
24.75;0.088
25;0.088
25.25;0.094
25.5;0.086
25.75;0.088
26;0.09
26.25;0.094
26.5;0.086
26.75;0.092
27;0.09
27.25;0.094
27.5;0.084
27.75;0.092
28;0.088
28.25;0.094
28.5;0.086
28.75;0.09
29;0.088
29.25;0.096
29.5;0.086
29.75;0.09
30;0.09
30.25;0.094
30.5;0.086
30.75;0.09
31;0.09
31.25;0.094
31.5;0.086
31.75;0.09
32;0.09
32.25;0.096
32.5;0.086
32.75;0.09
33;0.09
33.25;0.094
33.5;0.086
33.75;0.09
34;0.092
34.25;0.094
34.5;0.086
34.75;0.09
35;0.092
35.25;0.096
35.5;0.086
35.75;0.088
36;0.094
36.25;0.094
36.5;0.086
36.75;0.09
37;0.09
37.25;0.096
37.5;0.086
37.75;0.09
38;0.09
38.25;0.096
38.5;0.086
38.75;0.092
39;0.088
39.25;0.096
39.5;0.086
39.75;0.088
40;0.09
40.25;0.094
40.5;0.086
40.75;0.09
41;0.09
41.25;0.096
41.5;0.086
41.75;0.092
42;0.092
42.25;0.096
42.5;0.086
42.75;0.092
43;0.09
43.25;0.096
43.5;0.088
43.75;0.092
44;0.094
44.25;0.096
44.5;0.088
44.75;0.092
45;0.092
45.25;0.096
45.5;0.088
45.75;0.094
46;0.092
46.25;0.096
46.5;0.086
46.75;0.092
47;0.09
47.25;0.096
47.5;0.088
47.75;0.092
48;0.092
48.25;0.096
48.5;0.088
48.75;0.092
49;0.09
49.25;0.098
49.5;0.088
49.75;0.092
50;0.092
50.25;0.098
50.5;0.088
50.75;0.092
51;0.092
51.25;0.098
51.5;0.09
51.75;0.094
52;0.094
52.25;0.098
52.5;0.088
52.75;0.092
53;0.094
53.25;0.098
53.5;0.09
53.75;0.094
54;0.096
54.25;0.1
54.5;0.09
54.75;0.096
55;0.096
55.25;0.1
55.5;0.092
55.75;0.096
56;0.094
56.25;0.102
56.5;0.092
56.75;0.096
57;0.096
57.25;0.102
57.5;0.092
57.75;0.096
58;0.096
58.25;0.104
58.5;0.094
58.75;0.098
59;0.098
59.25;0.102
59.5;0.094
59.75;0.098
60;0.098
60.25;0.104
60.5;0.094
60.75;0.1
61;0.1
61.25;0.106
61.5;0.096
61.75;0.1
62;0.1
62.25;0.106
62.5;0.096
62.75;0.1
63;0.102
63.25;0.106
63.5;0.098
63.75;0.102
64;0.102
64.25;0.106
64.5;0.098
64.75;0.104
65;0.104
65.25;0.11
65.5;0.1
65.75;0.104
66;0.102
66.25;0.108
66.5;0.1
66.75;0.104
67;0.104
67.25;0.11
67.5;0.102
67.75;0.106
68;0.106
68.25;0.112
68.5;0.102
68.75;0.108
69;0.108
69.25;0.112
69.5;0.102
69.75;0.108
70;0.108
70.25;0.112
70.5;0.104
70.75;0.11
71;0.11
71.25;0.114
71.5;0.104
71.75;0.11
72;0.11
72.25;0.116
72.5;0.106
72.75;0.112
73;0.112
73.25;0.116
73.5;0.108
73.75;0.112
74;0.114
74.25;0.118
74.5;0.108
74.75;0.114
75;0.114
75.25;0.12
75.5;0.11
75.75;0.116
76;0.114
76.25;0.12
76.5;0.112
76.75;0.118
77;0.114
77.25;0.122
77.5;0.112
77.75;0.118
78;0.118
78.25;0.122
78.5;0.114
78.75;0.118
79;0.118
79.25;0.124
79.5;0.114
79.75;0.118
80;0.12
80.25;0.124
80.5;0.116
80.75;0.12
81;0.12
81.25;0.126
81.5;0.116
81.75;0.122
82;0.122
82.25;0.126
82.5;0.118
82.75;0.122
83;0.124
83.25;0.128
83.5;0.118
83.75;0.124
84;0.124
84.25;0.128
84.5;0.118
84.75;0.124
85;0.126
85.25;0.128
85.5;0.122
85.75;0.128
86;0.126
86.25;0.132
86.5;0.122
86.75;0.126
87;0.128
87.25;0.132
87.5;0.124
87.75;0.128
88;0.128
88.25;0.132
88.5;0.124
88.75;0.128
89;0.128
89.25;0.134
89.5;0.124
89.75;0.13
90;0.13
90.25;0.134
90.5;0.124
90.75;0.128
91;0.13
91.25;0.134
91.5;0.126
91.75;0.13
92;0.13
92.25;0.136
92.5;0.126
92.75;0.13
93;0.13
93.25;0.136
93.5;0.126
93.75;0.13
94;0.132
94.25;0.136
94.5;0.126
94.75;0.132
95;0.132
95.25;0.136
95.5;0.128
95.75;0.132
96;0.132
96.25;0.138
96.5;0.126
96.75;0.132
97;0.132
97.25;0.138
97.5;0.128
97.75;0.134
98;0.134
98.25;0.138
98.5;0.128
98.75;0.132
99;0.134
99.25;0.138
99.5;0.128
99.75;0.132
100;0.134
100.25;0.138
100.5;0.13
100.75;0.132
101;0.134
101.25;0.138
101.5;0.126
101.75;0.132
102;0.134
102.25;0.138
102.5;0.13
102.75;0.132
103;0.132
103.25;0.138
103.5;0.128
103.75;0.134
104;0.134
104.25;0.138
104.5;0.13
104.75;0.134
105;0.134
105.25;0.138
105.5;0.128
105.75;0.134
106;0.134
106.25;0.138
106.5;0.13
106.75;0.134
107;0.134
107.25;0.138
107.5;0.13
107.75;0.136
108;0.134
108.25;0.14
108.5;0.13
108.75;0.134
109;0.134
109.25;0.138
109.5;0.13
109.75;0.134
110;0.134
110.25;0.138
110.5;0.128
110.75;0.132
111;0.134
111.25;0.138
111.5;0.13
111.75;0.134
112;0.134
112.25;0.138
112.5;0.13
112.75;0.134
113;0.134
113.25;0.14
113.5;0.128
113.75;0.134
114;0.134
114.25;0.14
114.5;0.13
114.75;0.134
115;0.134
115.25;0.14
115.5;0.13
115.75;0.134
116;0.134
116.25;0.14
116.5;0.13
116.75;0.134
117;0.134
117.25;0.138
117.5;0.13
117.75;0.134
118;0.132
118.25;0.138
118.5;0.13
118.75;0.134
119;0.134
119.25;0.138
119.5;0.13
119.75;0.134
120;0.134
120.25;0.138
120.5;0.13
120.75;0.136
121;0.134
121.25;0.14
121.5;0.13
121.75;0.134
122;0.134
122.25;0.138
122.5;0.13
122.75;0.134
123;0.134
123.25;0.14
123.5;0.128
123.75;0.136
124;0.132
124.25;0.14
124.5;0.13
124.75;0.134
125;0.134
125.25;0.138
125.5;0.13
125.75;0.134
126;0.134
126.25;0.14
126.5;0.13
126.75;0.134
127;0.134
127.25;0.138
127.5;0.13
127.75;0.134
128;0.134
128.25;0.138
128.5;0.128
128.75;0.134
129;0.134
129.25;0.138
129.5;0.13
129.75;0.132
130;0.134
130.25;0.138
130.5;0.13
130.75;0.134
131;0.134
131.25;0.14
131.5;0.13
131.75;0.134
132;0.134
132.25;0.14
132.5;0.13
132.75;0.134
133;0.134
133.25;0.138
133.5;0.13
133.75;0.136
134;0.134
134.25;0.138
134.5;0.13
134.75;0.134
135;0.134
135.25;0.138
135.5;0.13
135.75;0.134
136;0.134
136.25;0.138
136.5;0.128
136.75;0.136
137;0.134
137.25;0.138
137.5;0.13
137.75;0.136
138;0.134
138.25;0.138
138.5;0.13
138.75;0.134
139;0.134
139.25;0.138
139.5;0.13
139.75;0.134
140;0.134
140.25;0.138
140.5;0.13
140.75;0.134
141;0.134
141.25;0.138
141.5;0.13
141.75;0.134
142;0.134
142.25;0.138
142.5;0.13
142.75;0.134
143;0.134
143.25;0.14
143.5;0.13
143.75;0.134
144;0.136
144.25;0.138
144.5;0.13
144.75;0.136
145;0.134
145.25;0.14
145.5;0.128
145.75;0.134
146;0.134
146.25;0.14
146.5;0.13
146.75;0.134
147;0.136
147.25;0.14
147.5;0.13
147.75;0.134
148;0.134
148.25;0.138
148.5;0.13
148.75;0.134
149;0.134
149.25;0.14
149.5;0.13
149.75;0.136
150;0.134
150.25;0.138
150.5;0.128
150.75;0.134
151;0.134
151.25;0.14
151.5;0.13
151.75;0.138
152;0.136
152.25;0.14
152.5;0.128
152.75;0.134
153;0.134
153.25;0.138
153.5;0.13
153.75;0.134
154;0.134
154.25;0.138
154.5;0.13
154.75;0.134
155;0.134
155.25;0.14
155.5;0.128
155.75;0.136
156;0.134
156.25;0.138
156.5;0.13
156.75;0.134
157;0.134
157.25;0.138
157.5;0.13
157.75;0.134
158;0.136
158.25;0.14
158.5;0.13
158.75;0.136
159;0.134
159.25;0.14
159.5;0.132
159.75;0.136
160;0.134
160.25;0.142
160.5;0.13
160.75;0.136
161;0.134
161.25;0.14
161.5;0.13
161.75;0.134
162;0.134
162.25;0.14
162.5;0.132
162.75;0.136
163;0.136
163.25;0.14
163.5;0.13
163.75;0.136
164;0.136
164.25;0.14
164.5;0.132
164.75;0.136
165;0.136
165.25;0.142
165.5;0.13
165.75;0.136
166;0.136
166.25;0.142
166.5;0.132
166.75;0.136
167;0.138
167.25;0.142
167.5;0.132
167.75;0.136
168;0.138
168.25;0.142
168.5;0.134
168.75;0.138
169;0.138
169.25;0.142
169.5;0.132
169.75;0.136
170;0.14
170.25;0.144
170.5;0.134
170.75;0.14
171;0.136
171.25;0.144
171.5;0.134
171.75;0.14
172;0.14
172.25;0.144
172.5;0.136
172.75;0.14
173;0.14
173.25;0.146
173.5;0.136
173.75;0.142
174;0.14
174.25;0.146
174.5;0.136
174.75;0.14
175;0.14
175.25;0.146
175.5;0.138
175.75;0.144
176;0.142
176.25;0.146
176.5;0.138
176.75;0.142
177;0.142
177.25;0.148
177.5;0.138
177.75;0.142
178;0.142
178.25;0.148
178.5;0.138
178.75;0.144
179;0.144
179.25;0.148
179.5;0.14
179.75;0.144
180;0.144
180.25;0.15
180.5;0.14
180.75;0.146
181;0.146
181.25;0.15
181.5;0.142
181.75;0.146
182;0.146
182.25;0.152
182.5;0.142
182.75;0.148
183;0.148
183.25;0.152
183.5;0.144
183.75;0.148
184;0.148
184.25;0.154
184.5;0.144
184.75;0.148
185;0.15
185.25;0.154
185.5;0.144
185.75;0.15
186;0.148
186.25;0.156
186.5;0.146
186.75;0.15
187;0.152
187.25;0.156
187.5;0.146
187.75;0.15
188;0.152
188.25;0.156
188.5;0.146
188.75;0.152
189;0.154
189.25;0.158
189.5;0.148
189.75;0.154
190;0.154
190.25;0.158
190.5;0.148
190.75;0.154
191;0.154
191.25;0.158
191.5;0.15
191.75;0.154
192;0.154
192.25;0.16
192.5;0.15
192.75;0.156
193;0.156
193.25;0.16
193.5;0.152
193.75;0.156
194;0.156
194.25;0.162
194.5;0.152
194.75;0.156
195;0.156
195.25;0.162
195.5;0.154
195.75;0.156
196;0.158
196.25;0.162
196.5;0.154
196.75;0.16
197;0.16
197.25;0.164
197.5;0.154
197.75;0.158
198;0.158
198.25;0.164
198.5;0.156
198.75;0.16
199;0.16
199.25;0.164
199.5;0.156
199.75;0.162
200;0.162
200.25;0.166
200.5;0.158
200.75;0.162
201;0.162
201.25;0.166
201.5;0.158
201.75;0.162
202;0.162
202.25;0.168
202.5;0.158
202.75;0.164
203;0.162
203.25;0.168
203.5;0.16
203.75;0.164
204;0.164
204.25;0.17
204.5;0.16
204.75;0.166
205;0.166
205.25;0.17
205.5;0.162
205.75;0.164
206;0.164
206.25;0.17
206.5;0.162
206.75;0.166
207;0.168
207.25;0.172
207.5;0.162
207.75;0.168
208;0.166
208.25;0.172
208.5;0.162
208.75;0.168
209;0.168
209.25;0.172
209.5;0.164
209.75;0.168
210;0.168
210.25;0.174
210.5;0.164
210.75;0.17
211;0.168
211.25;0.174
211.5;0.164
211.75;0.17
212;0.17
212.25;0.174
212.5;0.12
212.75;0.17
213;0.17
213.25;0.176
213.5;0.166
213.75;0.172
214;0.172
214.25;0.178
214.5;0.168
214.75;0.17
215;0.172
215.25;0.176
215.5;0.168
215.75;0.174
216;0.174
216.25;0.178
216.5;0.17
216.75;0.174
217;0.176
217.25;0.18
217.5;0.17
217.75;0.174
218;0.174
218.25;0.178
218.5;0.172
218.75;0.176
219;0.176
219.25;0.18
219.5;0.172
219.75;0.176
220;0.178
220.25;0.182
220.5;0.172
220.75;0.178
221;0.176
221.25;0.182
221.5;0.172
221.75;0.178
222;0.176
222.25;0.182
222.5;0.174
222.75;0.178
223;0.178
223.25;0.182
223.5;0.174
223.75;0.18
224;0.18
224.25;0.184
224.5;0.176
224.75;0.18
225;0.178
225.25;0.186
225.5;0.176
225.75;0.18
226;0.18
226.25;0.186
226.5;0.178
226.75;0.182
227;0.182
227.25;0.186
227.5;0.178
227.75;0.182
228;0.182
228.25;0.188
228.5;0.178
228.75;0.184
229;0.182
229.25;0.19
229.5;0.18
229.75;0.184
230;0.184
230.25;0.19
230.5;0.18
230.75;0.186
231;0.186
231.25;0.19
231.5;0.182
231.75;0.188
232;0.186
232.25;0.19
232.5;0.182
232.75;0.186
233;0.188
233.25;0.192
233.5;0.184
233.75;0.188
234;0.192
234.25;0.194
234.5;0.184
234.75;0.19
235;0.19
235.25;0.194
235.5;0.186
235.75;0.19
236;0.188
236.25;0.194
236.5;0.186
236.75;0.19
237;0.192
237.25;0.196
237.5;0.188
237.75;0.192
238;0.192
238.25;0.198
238.5;0.188
238.75;0.194
239;0.194
239.25;0.2
239.5;0.19
239.75;0.196
240;0.194
240.25;0.2
240.5;0.19
240.75;0.196
241;0.196
241.25;0.2
241.5;0.192
241.75;0.196
242;0.196
242.25;0.202
242.5;0.194
242.75;0.198
243;0.198
243.25;0.202
243.5;0.194
243.75;0.2
244;0.2
244.25;0.204
244.5;0.196
244.75;0.2
245;0.2
245.25;0.204
245.5;0.196
245.75;0.202
246;0.202
246.25;0.206
246.5;0.198
246.75;0.204
247;0.204
247.25;0.208
247.5;0.2
247.75;0.204
248;0.206
248.25;0.208
248.5;0.2
248.75;0.206
249;0.206
249.25;0.21
249.5;0.202
249.75;0.208
250;0.206
250.25;0.212
250.5;0.202
250.75;0.208
251;0.21
251.25;0.214
251.5;0.204
251.75;0.21
252;0.21
252.25;0.214
252.5;0.204
252.75;0.214
253;0.212
253.25;0.216
253.5;0.208
253.75;0.212
254;0.214
254.25;0.218
254.5;0.208
254.75;0.212
255;0.214
255.25;0.218
255.5;0.21
255.75;0.218
256;0.214
256.25;0.222
256.5;0.212
256.75;0.218
257;0.216
257.25;0.222
257.5;0.214
257.75;0.22
258;0.22
258.25;0.224
258.5;0.216
258.75;0.22
259;0.22
259.25;0.226
259.5;0.216
259.75;0.222
260;0.222
260.25;0.228
260.5;0.218
260.75;0.222
261;0.22
261.25;0.23
261.5;0.22
261.75;0.224
262;0.226
262.25;0.23
262.5;0.222
262.75;0.224
263;0.226
263.25;0.232
263.5;0.224
263.75;0.228
264;0.228
264.25;0.232
264.5;0.224
264.75;0.23
265;0.232
265.25;0.234
265.5;0.226
265.75;0.23
266;0.232
266.25;0.238
266.5;0.228
266.75;0.232
267;0.232
267.25;0.238
267.5;0.228
267.75;0.236
268;0.234
268.25;0.24
268.5;0.23
268.75;0.234
269;0.236
269.25;0.242
269.5;0.232
269.75;0.238
270;0.238
270.25;0.242
270.5;0.234
270.75;0.24
271;0.238
271.25;0.244
271.5;0.236
271.75;0.24
272;0.24
272.25;0.244
272.5;0.236
272.75;0.244
273;0.242
273.25;0.246
273.5;0.238
273.75;0.242
274;0.242
274.25;0.248
274.5;0.24
274.75;0.246
275;0.246
275.25;0.25
275.5;0.24
275.75;0.246
276;0.246
276.25;0.252
276.5;0.242
276.75;0.246
277;0.248
277.25;0.252
277.5;0.244
277.75;0.248
278;0.248
278.25;0.252
278.5;0.244
278.75;0.25
279;0.248
279.25;0.254
279.5;0.246
279.75;0.252
280;0.252
280.25;0.256
280.5;0.246
280.75;0.252
281;0.25
281.25;0.256
281.5;0.248
281.75;0.254
282;0.254
282.25;0.256
282.5;0.25
282.75;0.254
283;0.254
283.25;0.258
283.5;0.25
283.75;0.252
284;0.254
284.25;0.26
284.5;0.25
284.75;0.258
285;0.256
285.25;0.26
285.5;0.252
285.75;0.256
286;0.256
286.25;0.26
286.5;0.252
286.75;0.258
287;0.256
287.25;0.262
287.5;0.254
287.75;0.258
288;0.258
288.25;0.262
288.5;0.254
288.75;0.258
289;0.26
289.25;0.262
289.5;0.254
289.75;0.26
290;0.26
290.25;0.264
290.5;0.256
290.75;0.262
291;0.26
291.25;0.264
291.5;0.256
291.75;0.26
292;0.26
292.25;0.264
292.5;0.256
292.75;0.26
293;0.26
293.25;0.266
293.5;0.256
293.75;0.26
294;0.262
294.25;0.266
294.5;0.258
294.75;0.262
295;0.264
295.25;0.266
295.5;0.258
295.75;0.262
296;0.262
296.25;0.266
296.5;0.258
296.75;0.264
297;0.262
297.25;0.266
297.5;0.258
297.75;0.264
298;0.264
298.25;0.268
298.5;0.258
298.75;0.264
299;0.262
299.25;0.268
299.5;0.258
299.75;0.264
300;0.262
300.25;0.268
300.5;0.26
300.75;0.262
301;0.264
301.25;0.268
301.5;0.26
301.75;0.266
302;0.262
302.25;0.268
302.5;0.26
302.75;0.264
303;0.264
303.25;0.268
303.5;0.26
303.75;0.266
304;0.264
304.25;0.27
304.5;0.26
304.75;0.264
305;0.264
305.25;0.27
305.5;0.26
305.75;0.264
306;0.264
306.25;0.268
306.5;0.262
306.75;0.264
307;0.264
307.25;0.268
307.5;0.26
307.75;0.264
308;0.266
308.25;0.268
308.5;0.26
308.75;0.266
309;0.264
309.25;0.27
309.5;0.26
309.75;0.264
310;0.266
310.25;0.268
310.5;0.26
310.75;0.266
311;0.264
311.25;0.27
311.5;0.26
311.75;0.266
312;0.264
312.25;0.268
312.5;0.262
312.75;0.264
313;0.264
313.25;0.27
313.5;0.262
313.75;0.266
314;0.266
314.25;0.268
314.5;0.262
314.75;0.266
315;0.266
315.25;0.27
315.5;0.262
315.75;0.266
316;0.264
316.25;0.268
316.5;0.262
316.75;0.264
317;0.266
317.25;0.268
317.5;0.262
317.75;0.266
318;0.266
318.25;0.27
318.5;0.262
318.75;0.266
319;0.266
319.25;0.27
319.5;0.262
319.75;0.264
320;0.266
320.25;0.27
320.5;0.262
320.75;0.266
321;0.264
321.25;0.27
321.5;0.262
321.75;0.264
322;0.264
322.25;0.27
322.5;0.262
322.75;0.266
323;0.266
323.25;0.27
323.5;0.262
323.75;0.266
324;0.266
324.25;0.27
324.5;0.262
324.75;0.266
325;0.264
325.25;0.27
325.5;0.262
325.75;0.264
326;0.264
326.25;0.27
326.5;0.26
326.75;0.266
327;0.266
327.25;0.27
327.5;0.262
327.75;0.266
328;0.264
328.25;0.27
328.5;0.262
328.75;0.266
329;0.264
329.25;0.27
329.5;0.262
329.75;0.266
330;0.264
330.25;0.27
330.5;0.262
330.75;0.266
331;0.266
331.25;0.27
331.5;0.262
331.75;0.266
332;0.266
332.25;0.272
332.5;0.262
332.75;0.266
333;0.264
333.25;0.27
333.5;0.262
333.75;0.266
334;0.266
334.25;0.27
334.5;0.262
334.75;0.264
335;0.266
335.25;0.27
335.5;0.262
335.75;0.264
336;0.266
336.25;0.27
336.5;0.262
336.75;0.266
337;0.264
337.25;0.27
337.5;0.262
337.75;0.266
338;0.266
338.25;0.27
338.5;0.262
338.75;0.264
339;0.264
339.25;0.27
339.5;0.262
339.75;0.266
340;0.266
340.25;0.27
340.5;0.262
340.75;0.266
341;0.266
341.25;0.27
341.5;0.262
341.75;0.266
342;0.266
342.25;0.27
342.5;0.26
342.75;0.264
343;0.268
343.25;0.27
343.5;0.26
343.75;0.266
344;0.266
344.25;0.27
344.5;0.26
344.75;0.264
345;0.266
345.25;0.27
345.5;0.262
345.75;0.264
346;0.264
346.25;0.27
346.5;0.262
346.75;0.266
347;0.264
347.25;0.27
347.5;0.262
347.75;0.266
348;0.266
348.25;0.27
348.5;0.262
348.75;0.266
349;0.266
349.25;0.27
349.5;0.262
349.75;0.266
350;0.266
350.25;0.27
350.5;0.262
350.75;0.266
351;0.266
351.25;0.27
351.5;0.262
351.75;0.266
352;0.266
352.25;0.27
352.5;0.262
352.75;0.266
353;0.264
353.25;0.27
353.5;0.262
353.75;0.266
354;0.266
354.25;0.27
354.5;0.262
354.75;0.264
355;0.266
355.25;0.27
355.5;0.262
355.75;0.266
356;0.266
356.25;0.27
356.5;0.262
356.75;0.266
357;0.266
357.25;0.27
357.5;0.262
357.75;0.264
358;0.264
358.25;0.27
358.5;0.262
358.75;0.266
359;0.266
359.25;0.27
359.5;0.262
359.75;0.266
360;0.266
360.25;0.27
360.5;0.262
360.75;0.264
361;0.264
361.25;0.27
361.5;0.262
361.75;0.266
362;0.266
362.25;0.27
362.5;0.262
362.75;0.264
363;0.266
363.25;0.27
363.5;0.262
363.75;0.266
364;0.266
364.25;0.27
364.5;0.262
364.75;0.266
365;0.268
365.25;0.27
365.5;0.262
365.75;0.266
366;0.266
366.25;0.27
366.5;0.262
366.75;0.266
367;0.268
367.25;0.27
367.5;0.262
367.75;0.264
368;0.266
368.25;0.27
368.5;0.262
368.75;0.266
369;0.266
369.25;0.27
369.5;0.262
369.75;0.266
370;0.264
370.25;0.27
370.5;0.262
370.75;0.266
371;0.266
371.25;0.27
371.5;0.262
371.75;0.268
372;0.266
372.25;0.27
372.5;0.262
372.75;0.266
373;0.266
373.25;0.27
373.5;0.262
373.75;0.266
374;0.266
374.25;0.27
374.5;0.262
374.75;0.266
375;0.264
375.25;0.27
375.5;0.262
375.75;0.266
376;0.266
376.25;0.27
376.5;0.262
376.75;0.264
377;0.266
377.25;0.27
377.5;0.262
377.75;0.266
378;0.266
378.25;0.27
378.5;0.262
378.75;0.266
379;0.268
379.25;0.27
379.5;0.262
379.75;0.266
380;0.264
380.25;0.27
380.5;0.262
380.75;0.266
381;0.266
381.25;0.27
381.5;0.262
381.75;0.268
382;0.266
382.25;0.27
382.5;0.262
382.75;0.266
383;0.266
383.25;0.27
383.5;0.262
383.75;0.264
384;0.266
384.25;0.27
384.5;0.26
384.75;0.268
385;0.268
385.25;0.272
385.5;0.262
385.75;0.264
386;0.268
386.25;0.27
386.5;0.262
386.75;0.268
387;0.266
387.25;0.27
387.5;0.262
387.75;0.266
388;0.266
388.25;0.27
388.5;0.262
388.75;0.266
389;0.266
389.25;0.27
389.5;0.262
389.75;0.266
390;0.266
390.25;0.27
390.5;0.262
390.75;0.264
391;0.264
391.25;0.272
391.5;0.262
391.75;0.266
392;0.266
392.25;0.27
392.5;0.26
392.75;0.266
393;0.264
393.25;0.27
393.5;0.262
393.75;0.264
394;0.266
394.25;0.27
394.5;0.246
394.75;0.266
395;0.268
395.25;0.27
395.5;0.262
395.75;0.266
396;0.264
396.25;0.272
396.5;0.262
396.75;0.266
397;0.266
397.25;0.27
397.5;0.262
397.75;0.266
398;0.266
398.25;0.27
398.5;0.26
398.75;0.266
399;0.268
399.25;0.27
399.5;0.262
399.75;0.266
400;0.268
400.25;0.27
400.5;0.262
400.75;0.264
401;0.266
401.25;0.27
401.5;0.262
401.75;0.264
402;0.264
402.25;0.27
402.5;0.262
402.75;0.264
403;0.264
403.25;0.27
403.5;0.262
403.75;0.264
404;0.264
404.25;0.27
404.5;0.262
404.75;0.264
405;0.264
405.25;0.27
405.5;0.262
405.75;0.266
406;0.266
406.25;0.27
406.5;0.262
406.75;0.266
407;0.266
407.25;0.272
407.5;0.262
407.75;0.266
408;0.266
408.25;0.27
408.5;0.262
408.75;0.266
409;0.266
409.25;0.27
409.5;0.262
409.75;0.266
410;0.266
410.25;0.27
410.5;0.262
410.75;0.264
411;0.264
411.25;0.27
411.5;0.262
411.75;0.264
412;0.266
412.25;0.27
412.5;0.262
412.75;0.266
413;0.266
413.25;0.27
413.5;0.262
413.75;0.266
414;0.266
414.25;0.27
414.5;0.262
414.75;0.266
415;0.264
415.25;0.27
415.5;0.262
415.75;0.266
416;0.266
416.25;0.272
416.5;0.262
416.75;0.264
417;0.266
417.25;0.27
417.5;0.26
417.75;0.266
418;0.266
418.25;0.27
418.5;0.262
418.75;0.266
419;0.264
419.25;0.27
419.5;0.262
419.75;0.266
420;0.266
420.25;0.27
420.5;0.262
420.75;0.264
421;0.264
421.25;0.27
421.5;0.262
421.75;0.266
422;0.264
422.25;0.27
422.5;0.262
422.75;0.266
423;0.264
423.25;0.27
423.5;0.262
423.75;0.264
424;0.266
424.25;0.27
424.5;0.262
424.75;0.266
425;0.266
425.25;0.27
425.5;0.262
425.75;0.264
426;0.266
426.25;0.27
426.5;0.262
426.75;0.266
427;0.266
427.25;0.27
427.5;0.262
427.75;0.266
428;0.266
428.25;0.27
428.5;0.262
428.75;0.266
429;0.266
429.25;0.27
429.5;0.26
429.75;0.266
430;0.266
430.25;0.27
430.5;0.262
430.75;0.266
431;0.266
431.25;0.27
431.5;0.262
431.75;0.266
432;0.266
432.25;0.27
432.5;0.26
432.75;0.268
433;0.264
433.25;0.27
433.5;0.26
433.75;0.266
434;0.266
434.25;0.27
434.5;0.262
434.75;0.264
435;0.266
435.25;0.27
435.5;0.26
435.75;0.264
436;0.266
436.25;0.27
436.5;0.26
436.75;0.266
437;0.266
437.25;0.27
437.5;0.26
437.75;0.264
438;0.266
438.25;0.27
438.5;0.262
438.75;0.266
439;0.264
439.25;0.27
439.5;0.26
439.75;0.264
440;0.266
440.25;0.27
440.5;0.262
440.75;0.266
441;0.266
441.25;0.27
441.5;0.262
441.75;0.266
442;0.264
442.25;0.27
442.5;0.262
442.75;0.266
443;0.264
443.25;0.27
443.5;0.262
443.75;0.264
444;0.264
444.25;0.27
444.5;0.262
444.75;0.266
445;0.264
445.25;0.272
445.5;0.26
445.75;0.264
446;0.266
446.25;0.27
446.5;0.262
446.75;0.266
447;0.266
447.25;0.27
447.5;0.26
447.75;0.266
448;0.266
448.25;0.27
448.5;0.262
448.75;0.266
449;0.266
449.25;0.27
449.5;0.262
449.75;0.264
450;0.266
450.25;0.27
450.5;0.262
450.75;0.266
451;0.266
451.25;0.27
451.5;0.26
451.75;0.266
452;0.266
452.25;0.27
452.5;0.262
452.75;0.266
453;0.266
453.25;0.27
453.5;0.262
453.75;0.266
454;0.264
454.25;0.27
454.5;0.262
454.75;0.264
455;0.264
455.25;0.27
455.5;0.262
455.75;0.264
456;0.266
456.25;0.27
456.5;0.262
456.75;0.266
457;0.266
457.25;0.27
457.5;0.26
457.75;0.266
458;0.268
458.25;0.27
458.5;0.26
458.75;0.266
459;0.266
459.25;0.27
459.5;0.262
459.75;0.266
460;0.266
460.25;0.27
460.5;0.262
460.75;0.266
461;0.266
461.25;0.27
461.5;0.262
461.75;0.266
462;0.266
462.25;0.272
462.5;0.262
462.75;0.266
463;0.264
463.25;0.27
463.5;0.262
463.75;0.266
464;0.266
464.25;0.27
464.5;0.26
464.75;0.266
465;0.266
465.25;0.27
465.5;0.26
465.75;0.266
466;0.266
466.25;0.27
466.5;0.26
466.75;0.266
467;0.266
467.25;0.27
467.5;0.262
467.75;0.266
468;0.266
468.25;0.272
468.5;0.262
468.75;0.266
469;0.266
469.25;0.27
469.5;0.26
469.75;0.266
470;0.266
470.25;0.27
470.5;0.262
470.75;0.266
471;0.266
471.25;0.27
471.5;0.262
471.75;0.266
472;0.266
472.25;0.27
472.5;0.26
472.75;0.266
473;0.264
473.25;0.27
473.5;0.262
473.75;0.266
474;0.266
474.25;0.27
474.5;0.262
474.75;0.266
475;0.268
475.25;0.272
475.5;0.26
475.75;0.264
476;0.264
476.25;0.27
476.5;0.262
476.75;0.266
477;0.266
477.25;0.27
477.5;0.262
477.75;0.266
478;0.266
478.25;0.27
478.5;0.262
478.75;0.266
479;0.266
479.25;0.27
479.5;0.262
479.75;0.266
480;0.266
480.25;0.27
480.5;0.262
480.75;0.266
481;0.264
481.25;0.27
481.5;0.262
481.75;0.266
482;0.268
482.25;0.27
482.5;0.26
482.75;0.264
483;0.266
483.25;0.27
483.5;0.26
483.75;0.266
484;0.264
484.25;0.27
484.5;0.26
484.75;0.266
485;0.264
485.25;0.27
485.5;0.262
485.75;0.266
486;0.266
486.25;0.27
486.5;0.26
486.75;0.264
487;0.266
487.25;0.27
487.5;0.26
487.75;0.266
488;0.266
488.25;0.27
488.5;0.26
488.75;0.266
489;0.266
489.25;0.27
489.5;0.26
489.75;0.264
490;0.264
490.25;0.27
490.5;0.26
490.75;0.264
491;0.266
491.25;0.27
491.5;0.26
491.75;0.268
492;0.264
492.25;0.27
492.5;0.262
492.75;0.266
493;0.266
493.25;0.27
493.5;0.262
493.75;0.266
494;0.264
494.25;0.27
494.5;0.26
494.75;0.266
495;0.264
495.25;0.27
495.5;0.26
495.75;0.266
496;0.266
496.25;0.27
496.5;0.262
496.75;0.266
497;0.266
497.25;0.27
497.5;0.26
497.75;0.266
498;0.264
498.25;0.27
498.5;0.26
498.75;0.264
499;0.266
499.25;0.27
499.5;0.262
499.75;0.266
500;0.266
500.25;0.27
500.5;0.26
500.75;0.264
501;0.266
501.25;0.27
501.5;0.262
501.75;0.266
502;0.266
502.25;0.27
502.5;0.262
502.75;0.266
503;0.266
503.25;0.27
503.5;0.26
503.75;0.264
504;0.266
504.25;0.27
504.5;0.262
504.75;0.266
505;0.264
505.25;0.27
505.5;0.26
505.75;0.266
506;0.266
506.25;0.27
506.5;0.26
506.75;0.264
507;0.264
507.25;0.27
507.5;0.262
507.75;0.266
508;0.266
508.25;0.27
508.5;0.262
508.75;0.264
509;0.266
509.25;0.27
509.5;0.26
509.75;0.266
510;0.266
510.25;0.27
510.5;0.26
510.75;0.264
511;0.266
511.25;0.27
511.5;0.26
511.75;0.264
512;0.264
512.25;0.27
512.5;0.26
512.75;0.266
513;0.264
513.25;0.27
513.5;0.26
513.75;0.266
514;0.264
514.25;0.27
514.5;0.26
514.75;0.266
515;0.264
515.25;0.27
515.5;0.262
515.75;0.266
516;0.266
516.25;0.27
516.5;0.26
516.75;0.266
517;0.266
517.25;0.27
517.5;0.262
517.75;0.266
518;0.264
518.25;0.27
518.5;0.26
518.75;0.266
519;0.266
519.25;0.27
519.5;0.262
519.75;0.266
520;0.266
520.25;0.27
520.5;0.262
520.75;0.266
521;0.266
521.25;0.27
521.5;0.26
521.75;0.266
522;0.266
522.25;0.27
522.5;0.26
522.75;0.264
523;0.266
523.25;0.27
523.5;0.26
523.75;0.266
524;0.266
524.25;0.272
524.5;0.26
524.75;0.264
525;0.266
525.25;0.27
525.5;0.26
525.75;0.266
526;0.266
526.25;0.27
526.5;0.26
526.75;0.264
527;0.266
527.25;0.27
527.5;0.26
527.75;0.266
528;0.266
528.25;0.27
528.5;0.26
528.75;0.266
529;0.266
529.25;0.27
529.5;0.262
529.75;0.268
530;0.266
530.25;0.27
530.5;0.26
530.75;0.266
531;0.266
531.25;0.27
531.5;0.26
531.75;0.266
532;0.264
532.25;0.27
532.5;0.26
532.75;0.264
533;0.266
533.25;0.27
533.5;0.26
533.75;0.266
534;0.264
534.25;0.27
534.5;0.26
534.75;0.266
535;0.266
535.25;0.27
535.5;0.26
535.75;0.266
536;0.266
536.25;0.27
536.5;0.26
536.75;0.266
537;0.266
537.25;0.27
537.5;0.262
537.75;0.266
538;0.266
538.25;0.27
538.5;0.26
538.75;0.266
539;0.266
539.25;0.27
539.5;0.26
539.75;0.266
540;0.266
540.25;0.27
540.5;0.26
540.75;0.266
541;0.268
541.25;0.272
541.5;0.26
541.75;0.266
542;0.266
542.25;0.27
542.5;0.262
542.75;0.266
543;0.266
543.25;0.27
543.5;0.262
543.75;0.266
544;0.268
544.25;0.27
544.5;0.262
544.75;0.268
545;0.266
545.25;0.272
545.5;0.262
545.75;0.268
546;0.266
546.25;0.272
546.5;0.262
546.75;0.268
547;0.268
547.25;0.272
547.5;0.262
547.75;0.268
548;0.268
548.25;0.272
548.5;0.264
548.75;0.268
549;0.27
549.25;0.272
549.5;0.264
549.75;0.27
550;0.268
550.25;0.272
550.5;0.262
550.75;0.27
551;0.268
551.25;0.272
551.5;0.264
551.75;0.268
552;0.27
552.25;0.272
552.5;0.264
552.75;0.268
553;0.268
553.25;0.274
553.5;0.264
553.75;0.266
554;0.27
554.25;0.272
554.5;0.264
554.75;0.268
555;0.27
555.25;0.274
555.5;0.264
555.75;0.268
556;0.27
556.25;0.276
556.5;0.264
556.75;0.27
557;0.27
557.25;0.274
557.5;0.264
557.75;0.27
558;0.272
558.25;0.274
558.5;0.264
558.75;0.27
559;0.27
559.25;0.274
559.5;0.266
559.75;0.27
560;0.27
560.25;0.274
560.5;0.266
560.75;0.272
561;0.27
561.25;0.276
561.5;0.266
561.75;0.274
562;0.272
562.25;0.276
562.5;0.266
562.75;0.272
563;0.27
563.25;0.276
563.5;0.268
563.75;0.272
564;0.27
564.25;0.276
564.5;0.266
564.75;0.272
565;0.272
565.25;0.278
565.5;0.268
565.75;0.272
566;0.272
566.25;0.278
566.5;0.268
566.75;0.274
567;0.272
567.25;0.278
567.5;0.268
567.75;0.274
568;0.274
568.25;0.28
568.5;0.268
568.75;0.276
569;0.274
569.25;0.278
569.5;0.27
569.75;0.274
570;0.276
570.25;0.28
570.5;0.27
570.75;0.274
571;0.276
571.25;0.28
571.5;0.27
571.75;0.276
572;0.276
572.25;0.28
572.5;0.27
572.75;0.276
573;0.276
573.25;0.28
573.5;0.272
573.75;0.274
574;0.276
574.25;0.28
574.5;0.27
574.75;0.276
575;0.274
575.25;0.28
575.5;0.27
575.75;0.276
576;0.274
576.25;0.28
576.5;0.27
576.75;0.276
577;0.276
577.25;0.28
577.5;0.272
577.75;0.276
578;0.276
578.25;0.28
578.5;0.27
578.75;0.276
579;0.276
579.25;0.28
579.5;0.272
579.75;0.276
580;0.274
580.25;0.28
580.5;0.27
580.75;0.276
581;0.276
581.25;0.28
581.5;0.27
581.75;0.278
582;0.276
582.25;0.28
582.5;0.272
582.75;0.276
583;0.276
583.25;0.28
583.5;0.272
583.75;0.276
584;0.276
584.25;0.28
584.5;0.272
584.75;0.274
585;0.276
585.25;0.28
585.5;0.27
585.75;0.276
586;0.274
586.25;0.28
586.5;0.27
586.75;0.274
587;0.276
587.25;0.28
587.5;0.27
587.75;0.276
588;0.274
588.25;0.28
588.5;0.27
588.75;0.276
589;0.276
589.25;0.28
589.5;0.272
589.75;0.276
590;0.276
590.25;0.28
590.5;0.27
590.75;0.276
591;0.274
591.25;0.29
591.5;0.272
591.75;0.288
592;0.286
592.25;0.292
592.5;0.282
592.75;0.286
593;0.288
593.25;0.292
593.5;0.282
593.75;0.288
594;0.288
594.25;0.292
594.5;0.282
594.75;0.288
595;0.288
595.25;0.446
595.5;-0.064
595.75;-0.064
596;0.192
596.25;0.446
596.5;-0.064
596.75;0.182
597;0.19
597.25;0.446
597.5;-0.064
597.75;0.19
598;0.126
598.25;0.446
598.5;-0.064
598.75;0.19
599;0.19
599.25;0.446
599.5;-0.064
599.75;0.32
600;0.064
600.25;0.446
600.5;-0.064
600.75;0.192
601;0.192
601.25;0.446
601.5;-0.064
601.75;0.19
602;0.182
602.25;0.446
602.5;-0.064
602.75;0.126
603;0.19
603.25;0.446
603.5;-0.064
603.75;0.194
604;0.192
604.25;0.446
604.5;-0.064
604.75;0.192
605;0.192
605.25;0.446
605.5;-0.064
605.75;0.192
606;-0.064
606.25;0.446
606.5;-0.064
606.75;0.19
607;0.158
607.25;0.446
607.5;-0.064
607.75;0.188
608;0.19
608.25;0.446
608.5;-0.064
608.75;0.192
609;0.192
609.25;0.446
609.5;-0.064
609.75;0.192
610;0.192
610.25;0.446
610.5;-0.064
610.75;0.19
611;0.174
611.25;0.446
611.5;-0.064
611.75;0.19
612;0.174
612.25;0.446
612.5;-0.064
612.75;0.192
613;0.192
613.25;0.446
613.5;-0.064
613.75;0.192
614;0.192
614.25;0.446
614.5;-0.064
614.75;0.192
615;0.192
615.25;0.446
615.5;-0.064
615.75;0.19
616;0.158
616.25;0.446
616.5;-0.064
616.75;0.19
617;0.19
617.25;0.446
617.5;-0.064
617.75;0.192
618;0.192
618.25;0.446
618.5;-0.064
618.75;0.192
619;0.192
619.25;0.446
619.5;-0.064
619.75;0.126
620;0.19
620.25;0.446
620.5;-0.064
620.75;0.19
621;0.19
621.25;0.446
621.5;-0.064
621.75;0.194
622;0.32
622.25;0.446
622.5;-0.064
622.75;0.192
623;-0.064
623.25;0.446
623.5;-0.064
623.75;0.194
624;-0.064
624.25;0.446
624.5;-0.064
624.75;0.19
625;0.19
625.25;0.446
625.5;-0.064
625.75;0.19
626;0.158
626.25;0.446
626.5;-0.064
626.75;0.192
627;0.064
627.25;0.446
627.5;-0.064
627.75;0.192
628;0.192
628.25;0.446
628.5;-0.064
628.75;0.174
629;0.19
629.25;0.446
629.5;-0.064
629.75;0.19
630;0.19
630.25;0.446
630.5;-0.064
630.75;0.192
631;0.192
631.25;0.446
631.5;-0.064
631.75;0.196
632;-0.064
632.25;0.446
632.5;-0.064
632.75;0.192
633;0.192
633.25;0.446
633.5;-0.064
633.75;0.19
634;0.19
634.25;0.446
634.5;-0.064
634.75;0.182
635;0.158
635.25;0.446
635.5;-0.064
635.75;0.192
636;-0.064
636.25;0.446
636.5;-0.064
636.75;0.194
637;0.192
637.25;0.446
637.5;-0.064
637.75;0.19
638;0.182
638.25;0.446
638.5;-0.064
638.75;0.174
639;0.15
639.25;0.446
639.5;-0.064
639.75;0.19
640;0.19
640.25;0.446
640.5;-0.064
640.75;0.192
641;0.192
641.25;0.446
641.5;-0.064
641.75;0.192
642;0.32
642.25;0.446
642.5;-0.064
642.75;0.19
643;0.19
643.25;0.446
643.5;-0.064
643.75;0.19
644;0.174
644.25;0.446
644.5;-0.064
644.75;0.192
645;0.192
645.25;0.446
645.5;-0.064
645.75;0.196
646;0.192
646.25;0.446
646.5;-0.064
646.75;0.19
647;0.19
647.25;0.446
647.5;-0.064
647.75;0.19
648;0.19
648.25;0.446
648.5;-0.064
648.75;0.19
649;0.19
649.25;0.446
649.5;-0.064
649.75;0.192
650;0.192
650.25;0.446
650.5;-0.064
650.75;0.192
651;0.192
651.25;0.446
651.5;-0.064
651.75;0.19
652;0.174
652.25;0.446
652.5;-0.064
652.75;0.19
653;0.182
653.25;0.446
653.5;-0.064
653.75;0.192
654;0.192
654.25;0.446
654.5;-0.064
654.75;0.192
655;0.192
655.25;0.446
655.5;-0.064
655.75;0.19
656;0.126
656.25;0.446
656.5;-0.064
656.75;0.182
657;0.126
657.25;0.446
657.5;-0.064
657.75;0.19
658;0.19
658.25;0.446
658.5;-0.064
658.75;0.192
659;0.192
659.25;0.446
659.5;-0.064
659.75;0.192
660;0.192
660.25;0.446
660.5;-0.064
660.75;0.19
661;0.19
661.25;0.446
661.5;-0.064
661.75;0.19
662;0.19
662.25;0.446
662.5;-0.064
662.75;0.192
663;0.192
663.25;0.446
663.5;-0.064
663.75;0.196
664;0.192
664.25;0.446
664.5;-0.064
664.75;0.19
665;0.19
665.25;0.446
665.5;-0.064
665.75;0.19
666;0.19
666.25;0.446
666.5;-0.064
666.75;0.19
667;0.158
667.25;0.446
667.5;-0.064
667.75;-0.064
668;0.192
668.25;0.446
668.5;-0.064
668.75;0.192
669;0.194
669.25;0.446
669.5;-0.064
669.75;0.19
670;0.174
670.25;0.446
670.5;-0.064
670.75;0.142
671;0.19
671.25;0.446
671.5;-0.064
671.75;0.194
672;0.192
672.25;0.446
672.5;-0.064
672.75;0.198
673;0.196
673.25;0.446
673.5;-0.064
673.75;0.192
674;0.192
674.25;0.446
674.5;-0.064
674.75;0.19
675;0.094
675.25;0.446
675.5;-0.064
675.75;0.166
676;0.19
676.25;0.446
676.5;-0.064
676.75;0.192
677;0.192
677.25;0.446
677.5;-0.064
677.75;0.192
678;0.192
678.25;0.446
678.5;-0.064
678.75;0.19
679;0.19
679.25;0.446
679.5;-0.064
679.75;0.19
680;0.126
680.25;0.446
680.5;-0.064
680.75;0.192
681;0.192
681.25;0.446
681.5;-0.064
681.75;0.192
682;0.192
682.25;0.446
682.5;-0.064
682.75;0.192
683;0.192
683.25;0.446
683.5;-0.064
683.75;0.19
684;0.19
684.25;0.446
684.5;-0.064
684.75;0.19
685;0.094
685.25;0.446
685.5;-0.064
685.75;0.192
686;0.192
686.25;0.446
686.5;-0.064
686.75;0.192
687;0.192
687.25;0.446
687.5;-0.064
687.75;0.19
688;0.19
688.25;0.446
688.5;-0.064
688.75;0.174
689;0.19
689.25;0.446
689.5;-0.064
689.75;0.192
690;0.194
690.25;0.446
690.5;-0.064
690.75;0.192
691;0.192
691.25;0.446
691.5;-0.064
691.75;0.192
692;0.192
692.25;0.446
692.5;-0.064
692.75;0.19
693;0.19
693.25;0.446
693.5;-0.064
693.75;0.19
694;0.19
694.25;0.446
694.5;-0.064
694.75;0.196
695;0.192
695.25;0.446
695.5;-0.064
695.75;0.32
696;0.192
696.25;0.446
696.5;-0.064
696.75;0.19
697;0.19
697.25;0.446
697.5;-0.064
697.75;0.19
698;0.19
698.25;0.446
698.5;-0.064
698.75;0.322
699;0.192
699.25;0.446
699.5;-0.064
699.75;0.192
700;0.192
700.25;0.446
700.5;-0.064
700.75;0.192
701;-0.064
701.25;0.446
701.5;-0.064
701.75;0.19
702;0.174
702.25;0.446
702.5;-0.064
702.75;0.19
703;0.19
703.25;0.446
703.5;-0.064
703.75;0.192
704;-0.064
704.25;0.446
704.5;-0.064
704.75;0.192
705;0.192
705.25;0.446
705.5;-0.064
705.75;0.126
706;0.19
706.25;0.446
706.5;-0.064
706.75;0.19
707;0.19
707.25;0.446
707.5;-0.064
707.75;0.19
708;0.126
708.25;0.446
708.5;-0.064
708.75;0.192
709;0.192
709.25;0.446
709.5;-0.064
709.75;0.192
710;0.32
710.25;0.446
710.5;-0.064
710.75;0.174
711;0.126
711.25;0.446
711.5;-0.064
711.75;0.19
712;0.126
712.25;0.446
712.5;-0.064
712.75;0.192
713;0.198
713.25;0.446
713.5;-0.064
713.75;0.192
714;0.192
714.25;0.446
714.5;-0.064
714.75;0.19
715;0.174
715.25;0.446
715.5;-0.064
715.75;0.126
716;0.19
716.25;0.446
716.5;-0.064
716.75;0.19
717;0.19
717.25;0.446
717.5;-0.064
717.75;0.196
718;0.192
718.25;0.446
718.5;-0.064
718.75;0.192
719;0.192
719.25;0.446
719.5;-0.064
719.75;0.19
720;0.126
720.25;0.446
720.5;-0.064
720.75;0.19
721;0.19
721.25;0.446
721.5;-0.064
721.75;-0.062
722;0.192
722.25;0.446
722.5;-0.064
722.75;0.192
723;0.192
723.25;0.446
723.5;-0.064
723.75;0.19
724;0.19
724.25;0.446
724.5;-0.064
724.75;0.182
725;0.174
725.25;0.446
725.5;-0.064
725.75;0.158
726;0.174
726.25;0.446
726.5;-0.064
726.75;0.192
727;0.194
727.25;0.446
727.5;-0.064
727.75;0.192
728;0.192
728.25;0.446
728.5;-0.064
728.75;0.126
729;0.158
729.25;0.446
729.5;-0.064
729.75;0.19
730;0.19
730.25;0.446
730.5;-0.064
730.75;0.192
731;0.192
731.25;0.446
731.5;-0.064
731.75;0.194
732;0.192
732.25;0.446
732.5;-0.064
732.75;0.19
733;0.182
733.25;0.446
733.5;-0.064
733.75;0.19
734;0.166
734.25;0.446
734.5;-0.064
734.75;0.19
735;0.19
735.25;0.446
735.5;-0.064
735.75;0.192
736;0.192
736.25;0.446
736.5;-0.064
736.75;0.192
737;0.192
737.25;0.446
737.5;-0.064
737.75;0.15
738;0.19
738.25;0.446
738.5;-0.064
738.75;0.19
739;0.19
739.25;0.446
739.5;-0.064
739.75;0.192
740;0.192
740.25;0.446
740.5;-0.064
740.75;0.192
741;0.32
741.25;0.446
741.5;-0.064
741.75;0.182
742;0.19
742.25;0.446
742.5;-0.064
742.75;0.19
743;0.126
743.25;0.446
743.5;-0.064
743.75;0.19
744;0.19
744.25;0.446
744.5;-0.064
744.75;0.192
745;-0.064
745.25;0.446
745.5;-0.064
745.75;0.192
746;0.192
746.25;0.446
746.5;-0.064
746.75;0.19
747;0.19
747.25;0.446
747.5;-0.064
747.75;0.094
748;0.158
748.25;0.446
748.5;-0.064
748.75;0.192
749;0.192
749.25;0.446
749.5;-0.064
749.75;0.194
750;0.192
750.25;0.446
750.5;-0.064
750.75;0.192
751;-0.064
751.25;0.446
751.5;-0.064
751.75;0.19
752;0.19
752.25;0.446
752.5;-0.064
752.75;0.19
753;0.19
753.25;0.446
753.5;-0.064
753.75;0.192
754;0.192
754.25;0.446
754.5;-0.064
754.75;0.192
755;-0.064
755.25;0.446
755.5;-0.064
755.75;0.158
756;0.19
756.25;0.446
756.5;-0.064
756.75;0.19
757;0.19
757.25;0.446
757.5;-0.064
757.75;0.192
758;0.32
758.25;0.446
758.5;-0.064
758.75;0.192
759;0.196
759.25;0.446
759.5;-0.064
759.75;0.196
