# Oscilloscope file ./2K-res-100uA-B.bin
# Channel 1
Time / s;Voltage / V
0;4.32
0.25;4.24
0.5;4.28
0.75;4.28
1;4.32
1.25;4.24
1.5;4.28
1.75;4.28
2;4.32
2.25;4.2
2.5;4.28
2.75;4.24
3;4.28
3.25;4.2
3.5;4.28
3.75;4.28
4;4.28
4.25;4.2
4.5;4.24
4.75;4.24
5;4.28
5.25;4.2
5.5;4.24
5.75;4.24
6;4.28
6.25;4.2
6.5;4.24
6.75;4.24
7;4.28
7.25;4.16
7.5;4.2
7.75;4.24
8;4.28
8.25;4.16
8.5;4.2
8.75;4.24
9;4.24
9.25;4.16
9.5;4.2
9.75;4.2
10;4.24
10.25;4.16
10.5;4.2
10.75;4.2
11;4.24
11.25;4.16
11.5;4.2
11.75;4.2
12;4.24
12.25;4.16
12.5;4.2
12.75;4.16
13;4.24
13.25;4.12
13.5;4.16
13.75;4.16
14;4.2
14.25;4.12
14.5;4.16
14.75;4.16
15;4.2
15.25;4.12
15.5;4.16
15.75;4.16
16;4.2
16.25;4.12
16.5;4.16
16.75;4.16
17;4.2
17.25;4.12
17.5;4.12
17.75;4.12
18;4.2
18.25;4.12
18.5;4.12
18.75;4.16
19;4.2
19.25;4.08
19.5;4.12
19.75;4.12
20;4.16
20.25;4.08
20.5;4.12
20.75;4.12
21;4.16
21.25;4.08
21.5;4.12
21.75;4.16
22;4.16
22.25;4.08
22.5;4.12
22.75;4.12
23;4.16
23.25;4.08
23.5;4.08
23.75;4.12
24;4.16
24.25;4.04
24.5;4.08
24.75;4.12
25;4.16
25.25;4.04
25.5;4.08
25.75;4.08
26;4.16
26.25;4.04
26.5;4.08
26.75;4.08
27;4.12
27.25;4.04
27.5;4.12
27.75;4.08
28;4.12
28.25;4.04
28.5;4.08
28.75;4.08
29;4.12
29.25;4
29.5;4.04
29.75;4.08
30;4.12
30.25;4
30.5;4.04
30.75;4.04
31;4.08
31.25;4
31.5;4.04
31.75;4.04
32;4.08
32.25;4
32.5;4.04
32.75;4.04
33;4.08
33.25;4
33.5;4.04
33.75;4.04
34;4.08
34.25;4
34.5;4.04
34.75;4.04
35;4.08
35.25;3.96
35.5;4.04
35.75;4.04
36;4.08
36.25;3.96
36.5;4
36.75;4
37;4.04
37.25;3.96
37.5;4
37.75;4
38;4.04
38.25;3.96
38.5;4
38.75;3.96
39;4.04
39.25;3.96
39.5;4
39.75;4
40;4.04
40.25;3.96
40.5;4
40.75;4
41;4.04
41.25;3.96
41.5;4
41.75;4
42;4
42.25;3.92
42.5;4
42.75;3.96
43;4
43.25;3.92
43.5;3.96
43.75;3.96
44;4
44.25;3.92
44.5;3.96
44.75;3.96
45;4
45.25;3.92
45.5;3.92
45.75;3.96
46;4
46.25;3.92
46.5;3.92
46.75;3.92
47;4
47.25;3.88
47.5;3.96
47.75;3.92
48;3.96
48.25;3.88
48.5;3.92
48.75;3.92
49;3.96
49.25;3.88
49.5;3.92
49.75;3.96
50;3.96
50.25;3.88
50.5;3.92
50.75;3.92
51;3.96
51.25;3.88
51.5;3.92
51.75;3.88
52;3.96
52.25;3.84
52.5;3.88
52.75;3.88
53;3.92
53.25;3.84
53.5;3.88
53.75;3.88
54;3.92
54.25;3.84
54.5;3.88
54.75;3.92
55;3.92
55.25;3.84
55.5;3.88
55.75;3.88
56;3.92
56.25;3.84
56.5;3.88
56.75;3.88
57;3.92
57.25;3.84
57.5;3.88
57.75;3.88
58;3.88
58.25;3.8
58.5;3.84
58.75;3.84
59;3.88
59.25;3.8
59.5;3.84
59.75;3.84
60;3.88
60.25;3.8
60.5;3.84
60.75;3.88
61;3.88
61.25;3.8
61.5;3.8
61.75;3.84
62;3.88
62.25;3.8
62.5;3.84
62.75;3.84
63;3.88
63.25;3.8
63.5;3.8
63.75;3.8
64;3.88
64.25;3.76
64.5;3.84
64.75;3.8
65;3.84
65.25;3.76
65.5;3.8
65.75;3.84
66;3.84
66.25;3.76
66.5;3.8
66.75;3.8
67;3.84
67.25;3.76
67.5;3.8
67.75;3.8
68;3.84
68.25;3.76
68.5;3.76
68.75;3.8
69;3.84
69.25;3.76
69.5;3.8
69.75;3.76
70;3.8
70.25;3.72
70.5;3.76
70.75;3.8
71;3.8
71.25;3.72
71.5;3.76
71.75;3.8
72;3.8
72.25;3.72
72.5;3.76
72.75;3.76
73;3.8
73.25;3.72
73.5;3.76
73.75;3.76
74;3.8
74.25;3.72
74.5;3.72
74.75;3.72
75;3.8
75.25;3.68
75.5;3.72
75.75;3.72
76;3.76
76.25;3.68
76.5;3.72
76.75;3.72
77;3.76
77.25;3.68
77.5;3.72
77.75;3.72
78;3.76
78.25;3.68
78.5;3.72
78.75;3.72
79;3.76
79.25;3.68
79.5;3.72
79.75;3.72
80;3.76
80.25;3.64
80.5;3.72
80.75;3.72
81;3.72
81.25;3.64
81.5;3.68
81.75;3.72
82;3.72
82.25;3.64
82.5;3.68
82.75;3.68
83;3.72
83.25;3.64
83.5;3.68
83.75;3.68
84;3.72
84.25;3.64
84.5;3.68
84.75;3.68
85;3.72
85.25;3.64
85.5;3.64
85.75;3.68
86;3.68
86.25;3.6
86.5;3.64
86.75;3.68
87;3.68
87.25;3.6
87.5;3.64
87.75;3.64
88;3.68
88.25;3.6
88.5;3.64
88.75;3.64
89;3.68
89.25;3.6
89.5;3.64
89.75;3.64
90;3.68
90.25;3.6
90.5;3.64
90.75;3.6
91;3.68
91.25;3.56
91.5;3.6
91.75;3.64
92;3.64
92.25;3.56
92.5;3.6
92.75;3.6
93;3.68
93.25;3.56
93.5;3.6
93.75;3.6
94;3.64
94.25;3.56
94.5;3.6
94.75;3.6
95;3.64
95.25;3.56
95.5;3.6
95.75;3.6
96;3.64
96.25;3.56
96.5;3.56
96.75;3.56
97;3.64
97.25;3.52
97.5;3.6
97.75;3.6
98;3.6
98.25;3.52
98.5;3.6
98.75;3.56
99;3.6
99.25;3.52
99.5;3.56
99.75;3.56
100;3.6
100.25;3.52
100.5;3.56
100.75;3.56
101;3.6
101.25;3.52
101.5;3.56
101.75;3.56
102;3.6
102.25;3.48
102.5;3.52
102.75;3.52
103;3.56
103.25;3.48
103.5;3.56
103.75;3.56
104;3.56
104.25;3.48
104.5;3.52
104.75;3.52
105;3.56
105.25;3.48
105.5;3.52
105.75;3.48
106;3.56
106.25;3.48
106.5;3.52
106.75;3.48
107;3.56
107.25;3.48
107.5;3.52
107.75;3.48
108;3.56
108.25;3.44
108.5;3.48
108.75;3.48
109;3.52
109.25;3.44
109.5;3.48
109.75;3.48
110;3.52
110.25;3.44
110.5;3.48
110.75;3.48
111;3.52
111.25;3.44
111.5;3.48
111.75;3.48
112;3.52
112.25;3.44
112.5;3.48
112.75;3.48
113;3.52
113.25;3.44
113.5;3.48
113.75;3.44
114;3.48
114.25;3.4
114.5;3.44
114.75;3.44
115;3.48
115.25;3.4
115.5;3.44
115.75;3.44
116;3.48
116.25;3.4
116.5;3.44
116.75;3.44
117;3.48
117.25;3.4
117.5;3.44
117.75;3.44
118;3.48
118.25;3.4
118.5;3.4
118.75;3.44
119;3.48
119.25;3.36
119.5;3.4
119.75;3.4
120;3.48
120.25;3.36
120.5;3.36
120.75;3.4
121;3.44
121.25;3.36
121.5;3.4
121.75;3.4
122;3.44
122.25;3.36
122.5;3.4
122.75;3.4
123;3.44
123.25;3.36
123.5;3.4
123.75;3.4
124;3.44
124.25;3.36
124.5;3.36
124.75;3.36
125;3.44
125.25;3.32
125.5;3.36
125.75;3.4
126;3.4
126.25;3.32
126.5;3.36
126.75;3.36
127;3.4
127.25;3.32
127.5;3.36
127.75;3.36
128;3.4
128.25;3.32
128.5;3.36
128.75;3.36
129;3.4
129.25;3.32
129.5;3.36
129.75;3.36
130;3.4
130.25;3.28
130.5;3.36
130.75;3.32
131;3.4
131.25;3.28
131.5;3.32
131.75;3.32
132;3.36
132.25;3.28
132.5;3.32
132.75;3.32
133;3.36
133.25;3.28
133.5;3.32
133.75;3.32
134;3.36
134.25;3.28
134.5;3.28
134.75;3.32
135;3.36
135.25;3.28
135.5;3.28
135.75;3.28
136;3.36
136.25;3.24
136.5;3.28
136.75;3.32
137;3.36
137.25;3.24
137.5;3.28
137.75;3.32
138;3.32
138.25;3.24
138.5;3.28
138.75;3.28
139;3.32
139.25;3.24
139.5;3.28
139.75;3.28
140;3.32
140.25;3.2
140.5;3.28
140.75;3.28
141;3.32
141.25;3.24
141.5;3.28
141.75;3.24
142;3.28
142.25;3.2
142.5;3.24
142.75;3.28
143;3.28
143.25;3.2
143.5;3.24
143.75;3.24
144;3.28
144.25;3.2
144.5;3.28
144.75;3.24
145;3.28
145.25;3.2
145.5;3.24
145.75;3.24
146;3.28
146.25;3.2
146.5;3.2
146.75;3.2
147;3.28
147.25;3.16
147.5;3.2
147.75;3.2
148;3.24
148.25;3.16
148.5;3.2
148.75;3.2
149;3.24
149.25;3.16
149.5;3.2
149.75;3.16
150;3.24
150.25;3.16
150.5;3.16
150.75;3.16
151;3.24
151.25;3.16
151.5;3.2
151.75;3.2
152;3.24
152.25;3.12
152.5;3.16
152.75;3.2
153;3.2
153.25;3.12
153.5;3.2
153.75;3.16
154;3.2
154.25;3.12
154.5;3.16
154.75;3.16
155;3.2
155.25;3.12
155.5;3.12
155.75;3.16
156;3.2
156.25;3.12
156.5;3.16
156.75;3.16
157;3.2
157.25;3.12
157.5;3.12
157.75;3.12
158;3.2
158.25;3.08
158.5;3.12
158.75;3.12
159;3.2
159.25;3.08
159.5;3.12
159.75;3.12
160;3.16
160.25;3.08
160.5;3.12
160.75;3.12
161;3.16
161.25;3.08
161.5;3.12
161.75;3.08
162;3.16
162.25;3.08
162.5;3.12
162.75;3.12
163;3.16
163.25;3.04
163.5;3.12
163.75;3.08
164;3.16
164.25;3.04
164.5;3.08
164.75;3.08
165;3.12
165.25;3.04
165.5;3.08
165.75;3.08
166;3.12
166.25;3.04
166.5;3.08
166.75;3.12
167;3.12
167.25;3.04
167.5;3.08
167.75;3.08
168;3.12
168.25;3.04
168.5;3.04
168.75;3.04
169;3.12
169.25;3.04
169.5;3.04
169.75;3.04
170;3.08
170.25;3
170.5;3.08
170.75;3.04
171;3.08
171.25;3
171.5;3.04
171.75;3.04
172;3.08
172.25;3
172.5;3.04
172.75;3.04
173;3.08
173.25;3
173.5;3.04
173.75;3.04
174;3.08
174.25;3
174.5;3
174.75;3.04
175;3.08
175.25;2.96
175.5;3.04
175.75;3
176;3.08
176.25;2.96
176.5;3
176.75;3.04
177;3.04
177.25;2.96
177.5;2.96
177.75;3
178;3.04
178.25;2.96
178.5;3
178.75;3
179;3.04
179.25;2.92
179.5;3
179.75;3
180;3.04
180.25;2.96
180.5;2.96
180.75;2.96
181;3
181.25;2.92
181.5;2.96
181.75;2.96
182;3
182.25;2.92
182.5;2.96
182.75;2.96
183;3
183.25;2.92
183.5;2.96
183.75;2.96
184;3
184.25;2.92
184.5;2.96
184.75;2.96
185;3
185.25;2.88
185.5;2.96
185.75;2.96
186;3
186.25;2.88
186.5;2.92
186.75;2.96
187;2.96
187.25;2.88
187.5;2.92
187.75;2.92
188;2.96
188.25;2.88
188.5;2.96
188.75;2.92
189;2.96
189.25;2.88
189.5;2.92
189.75;2.92
190;2.96
190.25;2.88
190.5;2.92
190.75;2.92
191;2.96
191.25;2.84
191.5;2.92
191.75;2.92
192;2.92
192.25;2.84
192.5;2.88
192.75;2.88
193;2.92
193.25;2.84
193.5;2.88
193.75;2.88
194;2.92
194.25;2.84
194.5;2.88
194.75;2.88
195;2.92
195.25;2.84
195.5;2.84
195.75;2.88
196;2.92
196.25;2.84
196.5;2.88
196.75;2.88
197;2.92
197.25;2.8
197.5;2.88
197.75;2.88
198;2.92
198.25;2.8
198.5;2.84
198.75;2.84
199;2.92
199.25;2.8
199.5;2.84
199.75;2.88
200;2.88
200.25;2.8
200.5;2.84
200.75;2.84
201;2.88
201.25;2.8
201.5;2.84
201.75;2.84
202;2.88
202.25;2.8
202.5;2.8
202.75;2.8
203;2.84
203.25;2.76
203.5;2.8
203.75;2.84
204;2.84
204.25;2.76
204.5;2.8
204.75;2.8
205;2.84
205.25;2.76
205.5;2.8
205.75;2.8
206;2.84
206.25;2.76
206.5;2.8
206.75;2.8
207;2.84
207.25;2.76
207.5;2.76
207.75;2.8
208;2.84
208.25;2.72
208.5;2.76
208.75;2.76
209;2.8
209.25;2.72
209.5;2.76
209.75;2.76
210;2.8
210.25;2.72
210.5;2.76
210.75;2.76
211;2.8
211.25;2.72
211.5;2.76
211.75;2.76
212;2.8
212.25;2.72
212.5;2.76
212.75;2.76
213;2.8
213.25;2.72
213.5;2.76
213.75;2.72
214;2.8
214.25;2.68
214.5;2.72
214.75;2.72
215;2.76
215.25;2.68
215.5;2.72
215.75;2.72
216;2.76
216.25;2.68
216.5;2.68
216.75;2.72
217;2.76
217.25;2.68
217.5;2.72
217.75;2.72
218;2.76
218.25;2.68
218.5;2.72
218.75;2.72
219;2.76
219.25;2.68
219.5;2.72
219.75;2.72
220;2.72
220.25;2.64
220.5;2.68
220.75;2.68
221;2.72
221.25;2.64
221.5;2.68
221.75;2.68
222;2.72
222.25;2.64
222.5;2.68
222.75;2.68
223;2.72
223.25;2.64
223.5;2.64
223.75;2.68
224;2.72
224.25;2.64
224.5;2.68
224.75;2.68
225;2.72
225.25;2.6
225.5;2.64
225.75;2.68
226;2.68
226.25;2.6
226.5;2.64
226.75;2.64
227;2.68
227.25;2.6
227.5;2.64
227.75;2.64
228;2.68
228.25;2.6
228.5;2.64
228.75;2.64
229;2.68
229.25;2.6
229.5;2.64
229.75;2.6
230;2.68
230.25;2.56
230.5;2.64
230.75;2.64
231;2.64
231.25;2.56
231.5;2.6
231.75;2.6
232;2.64
232.25;2.56
232.5;2.6
232.75;2.6
233;2.64
233.25;2.56
233.5;2.6
233.75;2.6
234;2.64
234.25;2.56
234.5;2.6
234.75;2.56
235;2.64
235.25;2.56
235.5;2.6
235.75;2.56
236;2.64
236.25;2.52
236.5;2.56
236.75;2.56
237;2.6
237.25;2.52
237.5;2.56
237.75;2.56
238;2.6
238.25;2.52
238.5;2.56
238.75;2.56
239;2.6
239.25;2.52
239.5;2.56
239.75;2.56
240;2.6
240.25;2.52
240.5;2.56
240.75;2.56
241;2.6
241.25;2.48
241.5;2.52
241.75;2.52
242;2.56
242.25;2.48
242.5;2.52
242.75;2.52
243;2.56
243.25;2.48
243.5;2.52
243.75;2.52
244;2.56
244.25;2.48
244.5;2.52
244.75;2.52
245;2.56
245.25;2.48
245.5;2.52
245.75;2.52
246;2.56
246.25;2.48
246.5;2.52
246.75;2.52
247;2.56
247.25;2.44
247.5;2.48
247.75;2.48
248;2.52
248.25;2.44
248.5;2.52
248.75;2.48
249;2.52
249.25;2.44
249.5;2.52
249.75;2.52
250;2.52
250.25;2.44
250.5;2.48
250.75;2.44
251;2.52
251.25;2.44
251.5;2.44
251.75;2.44
252;2.52
252.25;2.44
252.5;2.44
252.75;2.48
253;2.48
253.25;2.4
253.5;2.44
253.75;2.48
254;2.48
254.25;2.4
254.5;2.48
254.75;2.48
255;2.48
255.25;2.4
255.5;2.44
255.75;2.44
256;2.48
256.25;2.4
256.5;2.44
256.75;2.44
257;2.48
257.25;2.4
257.5;2.44
257.75;2.44
258;2.48
258.25;2.36
258.5;2.4
258.75;2.44
259;2.48
259.25;2.36
259.5;2.44
259.75;2.4
260;2.44
260.25;2.36
260.5;2.4
260.75;2.44
261;2.44
261.25;2.36
261.5;2.4
261.75;2.4
262;2.44
262.25;2.36
262.5;2.4
262.75;2.36
263;2.44
263.25;2.36
263.5;2.36
263.75;2.4
264;2.44
264.25;2.32
264.5;2.36
264.75;2.4
265;2.44
265.25;2.32
265.5;2.36
265.75;2.36
266;2.4
266.25;2.32
266.5;2.36
266.75;2.36
267;2.4
267.25;2.32
267.5;2.36
267.75;2.36
268;2.4
268.25;2.32
268.5;2.36
268.75;2.36
269;2.4
269.25;2.28
269.5;2.36
269.75;2.32
270;2.4
270.25;2.28
270.5;2.32
270.75;2.32
271;2.36
271.25;2.28
271.5;2.32
271.75;2.32
272;2.36
272.25;2.28
272.5;2.32
272.75;2.32
273;2.36
273.25;2.28
273.5;2.28
273.75;2.28
274;2.36
274.25;2.28
274.5;2.28
274.75;2.28
275;2.36
275.25;2.24
275.5;2.28
275.75;2.32
276;2.32
276.25;2.24
276.5;2.28
276.75;2.32
277;2.32
277.25;2.24
277.5;2.28
277.75;2.24
278;2.32
278.25;2.24
278.5;2.28
278.75;2.28
279;2.32
279.25;2.24
279.5;2.28
279.75;2.28
280;2.32
280.25;2.2
280.5;2.28
280.75;2.28
281;2.32
281.25;2.2
281.5;2.24
281.75;2.24
282;2.28
282.25;2.2
282.5;2.24
282.75;2.24
283;2.28
283.25;2.2
283.5;2.24
283.75;2.24
284;2.28
284.25;2.2
284.5;2.24
284.75;2.24
285;2.28
285.25;2.2
285.5;2.2
285.75;2.24
286;2.28
286.25;2.16
286.5;2.2
286.75;2.24
287;2.28
287.25;2.16
287.5;2.2
287.75;2.2
288;2.24
288.25;2.16
288.5;2.2
288.75;2.2
289;2.24
289.25;2.16
289.5;2.2
289.75;2.2
290;2.24
290.25;2.16
290.5;2.2
290.75;2.2
291;2.24
291.25;2.16
291.5;2.2
291.75;2.16
292;2.24
292.25;2.12
292.5;2.16
292.75;2.16
293;2.2
293.25;2.12
293.5;2.16
293.75;2.16
294;2.2
294.25;2.12
294.5;2.16
294.75;2.16
295;2.2
295.25;2.12
295.5;2.16
295.75;2.16
296;2.2
296.25;2.12
296.5;2.16
296.75;2.16
297;2.2
297.25;2.08
297.5;2.16
297.75;2.16
298;2.16
298.25;2.08
298.5;2.12
298.75;2.12
299;2.16
299.25;2.08
299.5;2.12
299.75;2.12
300;2.16
300.25;2.08
300.5;2.12
300.75;2.12
301;2.16
301.25;2.08
301.5;2.12
301.75;2.12
302;2.16
302.25;2.04
302.5;2.08
302.75;2.12
303;2.16
303.25;2.04
303.5;2.08
303.75;2.12
304;2.12
304.25;2.04
304.5;2.12
304.75;2.12
305;2.12
305.25;2.04
305.5;2.08
305.75;2.08
306;2.12
306.25;2.04
306.5;2.08
306.75;2.08
307;2.12
307.25;2.04
307.5;2.08
307.75;2.08
308;2.12
308.25;2
308.5;2.04
308.75;2.04
309;2.08
309.25;2
309.5;2.04
309.75;2.04
310;2.08
310.25;2
310.5;2.04
310.75;2.04
311;2.08
311.25;2
311.5;2.04
311.75;2.04
312;2.08
312.25;2
312.5;2.04
312.75;2.04
313;2.08
313.25;2
313.5;2
313.75;2
314;2.04
314.25;1.96
314.5;2
314.75;2
315;2.04
315.25;1.96
315.5;2
315.75;2
316;2.04
316.25;1.96
316.5;2
316.75;2
317;2.04
317.25;1.96
317.5;2
317.75;2
318;2.04
318.25;1.96
318.5;1.96
318.75;2
319;2.04
319.25;1.92
319.5;2
319.75;1.96
320;2.04
320.25;1.92
320.5;1.96
320.75;2
321;2
321.25;1.92
321.5;1.96
321.75;1.92
322;2
322.25;1.92
322.5;1.96
322.75;1.96
323;2
323.25;1.92
323.5;1.96
323.75;1.96
324;2
324.25;1.92
324.5;1.96
324.75;1.96
325;2
325.25;1.92
325.5;1.92
325.75;1.96
326;1.96
326.25;1.88
326.5;1.92
326.75;1.92
327;1.96
327.25;1.88
327.5;1.92
327.75;1.92
328;1.96
328.25;1.88
328.5;1.92
328.75;1.92
329;1.96
329.25;1.88
329.5;1.92
329.75;1.92
330;1.96
330.25;1.84
330.5;1.92
330.75;1.88
331;1.96
331.25;1.84
331.5;1.88
331.75;1.92
332;1.92
332.25;1.84
332.5;1.88
332.75;1.88
333;1.92
333.25;1.84
333.5;1.88
333.75;1.88
334;1.92
334.25;1.84
334.5;1.88
334.75;1.88
335;1.92
335.25;1.84
335.5;1.84
335.75;1.88
336;1.92
336.25;1.8
336.5;1.84
336.75;1.84
337;1.88
337.25;1.8
337.5;1.84
337.75;1.88
338;1.88
338.25;1.8
338.5;1.84
338.75;1.8
339;1.88
339.25;1.8
339.5;1.84
339.75;1.84
340;1.88
340.25;1.8
340.5;1.84
340.75;1.8
341;1.88
341.25;1.8
341.5;1.84
341.75;1.84
342;1.84
342.25;1.76
342.5;1.84
342.75;1.84
343;1.84
343.25;1.76
343.5;1.8
343.75;1.84
344;1.84
344.25;1.76
344.5;1.8
344.75;1.8
345;1.84
345.25;1.76
345.5;1.8
345.75;1.8
346;1.84
346.25;1.76
346.5;1.76
346.75;1.76
347;1.84
347.25;1.76
347.5;1.8
347.75;1.76
348;1.84
348.25;1.72
348.5;1.76
348.75;1.76
349;1.8
349.25;1.72
349.5;1.76
349.75;1.76
350;1.8
350.25;1.72
350.5;1.76
350.75;1.76
351;1.8
351.25;1.72
351.5;1.76
351.75;1.76
352;1.8
352.25;1.72
352.5;1.72
352.75;1.72
353;1.8
353.25;1.68
353.5;1.72
353.75;1.72
354;1.76
354.25;1.68
354.5;1.72
354.75;1.72
355;1.76
355.25;1.68
355.5;1.72
355.75;1.72
356;1.76
356.25;1.68
356.5;1.72
356.75;1.72
357;1.76
357.25;1.68
357.5;1.72
357.75;1.68
358;1.76
358.25;1.64
358.5;1.68
358.75;1.72
359;1.76
359.25;1.64
359.5;1.68
359.75;1.68
360;1.72
360.25;1.64
360.5;1.68
360.75;1.68
361;1.72
361.25;1.64
361.5;1.68
361.75;1.68
362;1.72
362.25;1.64
362.5;1.68
362.75;1.64
363;1.72
363.25;1.6
363.5;1.64
363.75;1.64
364;1.72
364.25;1.64
364.5;1.68
364.75;1.64
365;1.68
365.25;1.6
365.5;1.64
365.75;1.64
366;1.68
366.25;1.6
366.5;1.64
366.75;1.64
367;1.68
367.25;1.6
367.5;1.64
367.75;1.64
368;1.68
368.25;1.6
368.5;1.64
368.75;1.64
369;1.68
369.25;1.56
369.5;1.6
369.75;1.64
370;1.68
370.25;1.56
370.5;1.6
370.75;1.6
371;1.64
371.25;1.56
371.5;1.6
371.75;1.6
372;1.64
372.25;1.56
372.5;1.6
372.75;1.56
373;1.64
373.25;1.56
373.5;1.6
373.75;1.6
374;1.64
374.25;1.52
374.5;1.6
374.75;1.56
375;1.64
375.25;1.52
375.5;1.6
375.75;1.6
376;1.6
376.25;1.52
376.5;1.56
376.75;1.6
377;1.6
377.25;1.52
377.5;1.56
377.75;1.52
378;1.6
378.25;1.52
378.5;1.56
378.75;1.56
379;1.6
379.25;1.52
379.5;1.56
379.75;1.56
380;1.6
380.25;1.48
380.5;1.52
380.75;1.56
381;1.6
381.25;1.48
381.5;1.52
381.75;1.56
382;1.56
382.25;1.48
382.5;1.52
382.75;1.56
383;1.56
383.25;1.48
383.5;1.52
383.75;1.52
384;1.56
384.25;1.48
384.5;1.52
384.75;1.52
385;1.56
385.25;1.48
385.5;1.52
385.75;1.52
386;1.56
386.25;1.44
386.5;1.52
386.75;1.52
387;1.56
387.25;1.44
387.5;1.48
387.75;1.52
388;1.52
388.25;1.44
388.5;1.52
388.75;1.48
389;1.52
389.25;1.44
389.5;1.48
389.75;1.48
390;1.52
390.25;1.44
390.5;1.48
390.75;1.48
391;1.52
391.25;1.44
391.5;1.48
391.75;1.48
392;1.52
392.25;1.4
392.5;1.44
392.75;1.48
393;1.48
393.25;1.4
393.5;1.44
393.75;1.44
394;1.48
394.25;1.4
394.5;1.44
394.75;1.44
395;1.48
395.25;1.4
395.5;1.4
395.75;1.44
396;1.48
396.25;1.4
396.5;1.44
396.75;1.4
397;1.48
397.25;1.4
397.5;1.4
397.75;1.44
398;1.44
398.25;1.36
398.5;1.4
398.75;1.4
399;1.44
399.25;1.36
399.5;1.4
399.75;1.4
400;1.44
400.25;1.36
400.5;1.4
400.75;1.4
401;1.44
401.25;1.36
401.5;1.4
401.75;1.4
402;1.44
402.25;1.36
402.5;1.4
402.75;1.4
403;1.44
403.25;1.32
403.5;1.4
403.75;1.36
404;1.4
404.25;1.32
404.5;1.36
404.75;1.36
405;1.4
405.25;1.32
405.5;1.36
405.75;1.36
406;1.4
406.25;1.32
406.5;1.36
406.75;1.36
407;1.4
407.25;1.32
407.5;1.36
407.75;1.36
408;1.4
408.25;1.32
408.5;1.32
408.75;1.32
409;1.4
409.25;1.28
409.5;1.32
409.75;1.32
410;1.36
410.25;1.28
410.5;1.32
410.75;1.32
411;1.36
411.25;1.28
411.5;1.32
411.75;1.32
412;1.36
412.25;1.28
412.5;1.32
412.75;1.32
413;1.36
413.25;1.28
413.5;1.32
413.75;1.32
414;1.36
414.25;1.24
414.5;1.28
414.75;1.28
415;1.32
415.25;1.24
415.5;1.32
415.75;1.28
416;1.32
416.25;1.24
416.5;1.28
416.75;1.28
417;1.32
417.25;1.24
417.5;1.24
417.75;1.28
418;1.32
418.25;1.24
418.5;1.28
418.75;1.28
419;1.32
419.25;1.24
419.5;1.24
419.75;1.24
420;1.32
420.25;1.2
420.5;1.24
420.75;1.24
421;1.28
421.25;1.2
421.5;1.24
421.75;1.24
422;1.28
422.25;1.2
422.5;1.24
422.75;1.24
423;1.28
423.25;1.2
423.5;1.24
423.75;1.24
424;1.28
424.25;1.2
424.5;1.24
424.75;1.24
425;1.28
425.25;1.16
425.5;1.2
425.75;1.2
426;1.28
426.25;1.16
426.5;1.2
426.75;1.2
427;1.24
427.25;1.16
427.5;1.2
427.75;1.2
428;1.24
428.25;1.16
428.5;1.2
428.75;1.2
429;1.24
429.25;1.16
429.5;1.2
429.75;1.2
430;1.24
430.25;1.12
430.5;1.2
430.75;1.2
431;1.2
431.25;1.12
431.5;1.2
431.75;1.16
432;1.2
432.25;1.12
432.5;1.16
432.75;1.16
433;1.2
433.25;1.12
433.5;1.16
433.75;1.16
434;1.2
434.25;1.12
434.5;1.16
434.75;1.2
435;1.2
435.25;1.12
435.5;1.16
435.75;1.12
436;1.2
436.25;1.12
436.5;1.12
436.75;1.16
437;1.16
437.25;1.08
437.5;1.16
437.75;1.12
438;1.16
438.25;1.08
438.5;1.12
438.75;1.12
439;1.16
439.25;1.08
439.5;1.12
439.75;1.12
440;1.16
440.25;1.08
440.5;1.12
440.75;1.08
441;1.16
441.25;1.08
441.5;1.12
441.75;1.12
442;1.16
442.25;1.04
442.5;1.12
442.75;1.12
443;1.12
443.25;1.04
443.5;1.08
443.75;1.08
444;1.12
444.25;1.04
444.5;1.08
444.75;1.08
445;1.12
445.25;1.04
445.5;1.08
445.75;1.08
446;1.12
446.25;1.04
446.5;1.08
446.75;1.08
447;1.12
447.25;1.04
447.5;1.08
447.75;1.08
448;1.12
448.25;1
448.5;1.04
448.75;1.04
449;1.08
449.25;1
449.5;1.04
449.75;1.08
450;1.08
450.25;1
450.5;1.04
450.75;1.04
451;1.08
451.25;1
451.5;1.04
451.75;1.04
452;1.08
452.25;1
452.5;1
452.75;1.04
453;1.08
453.25;0.96
453.5;1
453.75;1.04
454;1.04
454.25;0.96
454.5;1
454.75;1
455;1.04
455.25;0.96
455.5;1
455.75;1
456;1.04
456.25;0.96
456.5;1
456.75;1
457;1.04
457.25;0.96
457.5;1
457.75;1
458;1.04
458.25;0.96
458.5;0.96
458.75;0.96
459;1.04
459.25;0.92
459.5;0.96
459.75;0.96
460;1.04
460.25;0.92
460.5;0.96
460.75;0.96
461;1.04
461.25;0.92
461.5;0.96
461.75;0.96
462;1
462.25;0.92
462.5;0.96
462.75;0.96
463;1
463.25;0.92
463.5;0.96
463.75;0.96
464;1
464.25;0.88
464.5;0.96
464.75;0.96
465;0.96
465.25;0.88
465.5;0.92
465.75;0.92
466;0.96
466.25;0.88
466.5;0.92
466.75;0.92
467;0.96
467.25;0.88
467.5;0.92
467.75;0.92
468;0.96
468.25;0.88
468.5;0.92
468.75;0.92
469;0.96
469.25;0.88
469.5;0.92
469.75;0.92
470;0.96
470.25;0.84
470.5;0.88
470.75;0.88
471;0.96
471.25;0.84
471.5;0.88
471.75;0.88
472;0.92
472.25;0.84
472.5;0.88
472.75;0.88
473;0.92
473.25;0.84
473.5;0.88
473.75;0.88
474;0.92
474.25;0.84
474.5;0.88
474.75;0.88
475;0.92
475.25;0.8
475.5;0.88
475.75;0.88
476;0.92
476.25;0.8
476.5;0.84
476.75;0.88
477;0.92
477.25;0.8
477.5;0.84
477.75;0.84
478;0.88
478.25;0.8
478.5;0.8
478.75;0.84
479;0.88
479.25;0.8
479.5;0.88
479.75;0.84
480;0.88
480.25;0.76
480.5;0.8
480.75;0.84
481;0.88
481.25;0.76
481.5;0.8
481.75;0.8
482;0.88
482.25;0.76
482.5;0.8
482.75;0.8
483;0.84
483.25;0.76
483.5;0.8
483.75;0.8
484;0.84
484.25;0.76
484.5;0.8
484.75;0.76
485;0.84
485.25;0.76
485.5;0.8
485.75;0.8
486;0.84
486.25;0.76
486.5;0.8
486.75;0.76
487;0.84
487.25;0.72
487.5;0.76
487.75;0.8
488;0.8
488.25;0.72
488.5;0.76
488.75;0.76
489;0.8
489.25;0.72
489.5;0.76
489.75;0.76
490;0.8
490.25;0.72
490.5;0.76
490.75;0.76
491;0.8
491.25;0.72
491.5;0.76
491.75;0.76
492;0.8
492.25;0.68
492.5;0.76
492.75;0.72
493;0.8
493.25;0.68
493.5;0.72
493.75;0.72
494;0.76
494.25;0.68
494.5;0.72
494.75;0.76
495;0.76
495.25;0.68
495.5;0.72
495.75;0.72
496;0.76
496.25;0.64
496.5;0.72
496.75;0.72
497;0.76
497.25;0.68
497.5;0.72
497.75;0.72
498;0.76
498.25;0.64
498.5;0.68
498.75;0.72
499;0.72
499.25;0.64
499.5;0.68
499.75;0.68
500;0.72
500.25;0.64
500.5;0.68
500.75;0.68
501;0.72
501.25;0.64
501.5;0.68
501.75;0.68
502;0.72
502.25;0.64
502.5;0.68
502.75;0.68
503;0.72
503.25;0.64
503.5;0.64
503.75;0.68
504;0.72
504.25;0.6
504.5;0.64
504.75;0.68
505;0.68
505.25;0.6
505.5;0.64
505.75;0.64
506;0.68
506.25;0.6
506.5;0.64
506.75;0.64
507;0.68
507.25;0.6
507.5;0.64
507.75;0.64
508;0.68
508.25;0.6
508.5;0.6
508.75;0.6
509;0.68
509.25;0.56
509.5;0.6
509.75;0.6
510;0.64
510.25;0.56
510.5;0.64
510.75;0.6
511;0.64
511.25;0.56
511.5;0.6
511.75;0.6
512;0.64
512.25;0.56
512.5;0.6
512.75;0.56
513;0.64
513.25;0.56
513.5;0.6
513.75;0.6
514;0.64
514.25;0.52
514.5;0.56
514.75;0.56
515;0.64
515.25;0.52
515.5;0.56
515.75;0.56
516;0.6
516.25;0.52
516.5;0.56
516.75;0.56
517;0.6
517.25;0.52
517.5;0.56
517.75;0.56
518;0.6
518.25;0.52
518.5;0.56
518.75;0.56
519;0.6
519.25;0.52
519.5;0.56
519.75;0.56
520;0.6
520.25;0.52
520.5;0.56
520.75;0.56
521;0.56
521.25;0.48
521.5;0.56
521.75;0.52
522;0.56
522.25;0.48
522.5;0.52
522.75;0.52
523;0.56
523.25;0.48
523.5;0.52
523.75;0.52
524;0.56
524.25;0.48
524.5;0.52
524.75;0.52
525;0.56
525.25;0.44
525.5;0.52
525.75;0.52
526;0.56
526.25;0.44
526.5;0.48
526.75;0.48
527;0.52
527.25;0.44
527.5;0.48
527.75;0.52
528;0.52
528.25;0.44
528.5;0.48
528.75;0.48
529;0.52
529.25;0.44
529.5;0.48
529.75;0.44
530;0.52
530.25;0.44
530.5;0.48
530.75;0.48
531;0.52
531.25;0.44
531.5;0.48
531.75;0.48
532;0.48
532.25;0.4
532.5;0.48
532.75;0.44
533;0.48
533.25;0.4
533.5;0.44
533.75;0.44
534;0.48
534.25;0.4
534.5;0.44
534.75;0.4
535;0.48
535.25;0.4
535.5;0.44
535.75;0.44
536;0.48
536.25;0.4
536.5;0.44
536.75;0.4
537;0.48
537.25;0.36
537.5;0.4
537.75;0.4
538;0.44
538.25;0.36
538.5;0.4
538.75;0.4
539;0.44
539.25;0.36
539.5;0.4
539.75;0.4
540;0.44
540.25;0.36
540.5;0.36
540.75;0.4
541;0.44
541.25;0.36
541.5;0.4
541.75;0.4
542;0.44
542.25;0.36
542.5;0.36
542.75;0.36
543;0.44
543.25;0.32
543.5;0.36
543.75;0.36
544;0.44
544.25;0.32
544.5;0.36
544.75;0.4
545;0.4
545.25;0.32
545.5;0.36
545.75;0.36
546;0.4
546.25;0.32
546.5;0.32
546.75;0.36
547;0.4
547.25;0.32
547.5;0.36
547.75;0.36
548;0.4
548.25;0.32
548.5;0.32
548.75;0.32
549;0.36
549.25;0.28
549.5;0.32
549.75;0.32
550;0.36
550.25;0.28
550.5;0.32
550.75;0.32
551;0.36
551.25;0.28
551.5;0.32
551.75;0.32
552;0.36
552.25;0.24
552.5;0.32
552.75;0.32
553;0.36
553.25;0.24
553.5;0.28
553.75;0.32
554;0.36
554.25;0.24
554.5;0.32
554.75;0.28
555;0.32
555.25;0.24
555.5;0.28
555.75;0.28
556;0.32
556.25;0.24
556.5;0.28
556.75;0.28
557;0.32
557.25;0.24
557.5;0.28
557.75;0.28
558;0.32
558.25;0.2
558.5;0.28
558.75;0.28
559;0.32
559.25;0.2
559.5;0.24
559.75;0.24
560;0.32
560.25;0.2
560.5;0.24
560.75;0.24
561;0.28
561.25;0.2
561.5;0.24
561.75;0.24
562;0.28
562.25;0.2
562.5;0.28
562.75;0.24
563;0.28
563.25;0.2
563.5;0.24
563.75;0.24
564;0.28
564.25;0.16
564.5;0.24
564.75;0.2
565;0.24
565.25;0.16
565.5;0.24
565.75;0.24
566;0.24
566.25;0.16
566.5;0.2
566.75;0.2
567;0.24
567.25;0.16
567.5;0.2
567.75;0.2
568;0.24
568.25;0.16
568.5;0.2
568.75;0.16
569;0.24
569.25;0.16
569.5;0.2
569.75;0.2
570;0.24
570.25;0.12
570.5;0.2
570.75;0.2
571;0.2
571.25;0.12
571.5;0.2
571.75;0.16
572;0.2
572.25;0.12
572.5;0.16
572.75;0.16
573;0.2
573.25;0.12
573.5;0.16
573.75;0.16
574;0.2
574.25;0.12
574.5;0.16
574.75;0.16
575;0.2
575.25;0.08
575.5;0.12
575.75;0.12
576;0.2
576.25;0.08
576.5;0.12
576.75;0.12
577;0.16
577.25;0.08
577.5;0.12
577.75;0.12
578;0.16
578.25;0.08
578.5;0.12
578.75;0.12
579;0.16
579.25;0.08
579.5;0.12
579.75;0.12
580;0.16
580.25;0.08
580.5;0.08
580.75;0.12
581;0.16
581.25;0.04
581.5;0.08
581.75;0.08
582;0.12
582.25;0.04
582.5;0.08
582.75;0.08
583;0.12
583.25;0.04
583.5;0.08
583.75;0.08
584;0.12
584.25;0.04
584.5;0.08
584.75;0.08
585;0.12
585.25;0.04
585.5;0.08
585.75;0.08
586;0.12
586.25;0.04
586.5;0.08
586.75;0.08
587;0.12
587.25;0
587.5;0.04
587.75;0.04
588;0.12
588.25;0
588.5;0.04
588.75;0.04
589;0.08
589.25;0
589.5;0.04
589.75;0.08
590;0.08
590.25;0
590.5;0.04
590.75;0.04
591;0.08
591.25;0
591.5;0.08
591.75;0.04
592;0.08
592.25;0
592.5;0.04
592.75;0.04
593;0.08
593.25;0
593.5;0.04
593.75;0.08
594;0.08
594.25;0
594.5;0.04
594.75;0.04
595;0.08
595.25;0
595.5;0.04
595.75;0.04
596;0.08
596.25;0
596.5;0.04
596.75;0.04
597;0.12
597.25;0
597.5;0.04
597.75;0.04
598;0.08
598.25;0
598.5;0.08
598.75;0.04
599;0.08
599.25;0
599.5;0.04
599.75;0.04
600;0.08
600.25;0
600.5;0.04
600.75;0.04
601;0.08
601.25;0
601.5;0.04
601.75;0.04
602;0.08
602.25;0
602.5;0.04
602.75;0.04
603;0.08
603.25;0
603.5;0.08
603.75;0.04
604;0.08
604.25;0
604.5;0.04
604.75;0.04
605;0.08
605.25;0
605.5;0.04
605.75;0.04
606;0.08
606.25;0
606.5;0.04
606.75;0.04
607;0.08
607.25;0
607.5;0.04
607.75;0.04
608;0.08
608.25;0
608.5;0.08
608.75;0.04
609;0.08
609.25;0
609.5;0.04
609.75;0.04
610;0.08
610.25;0
610.5;0.08
610.75;0.08
611;0.08
611.25;0
611.5;0.04
611.75;0.04
612;0.08
612.25;0
612.5;0.08
612.75;0.04
613;0.08
613.25;0
613.5;0.08
613.75;0.04
614;0.08
614.25;0
614.5;0.04
614.75;0.04
615;0.08
615.25;0
615.5;0.04
615.75;0.08
616;0.08
616.25;0
616.5;0.04
616.75;0.04
617;0.08
617.25;0
617.5;0.04
617.75;0.04
618;0.08
618.25;0
618.5;0.04
618.75;0.04
619;0.08
619.25;0
619.5;0.04
619.75;0.04
620;0.08
620.25;0
620.5;0.04
620.75;0.04
621;0.08
621.25;0
621.5;0.08
621.75;0.08
622;0.08
622.25;0
622.5;0
622.75;0.04
623;0.08
623.25;0
623.5;0.08
623.75;0.04
624;0.08
624.25;0
624.5;0.08
624.75;0.08
625;0.08
625.25;0
625.5;0.04
625.75;0.04
626;0.08
626.25;0
626.5;0.04
626.75;0.04
627;0.08
627.25;0
627.5;0.04
627.75;0.04
628;0.08
628.25;0
628.5;0.04
628.75;0.04
629;0.08
629.25;0
629.5;0.04
629.75;0.04
630;0.08
630.25;0
630.5;0.08
630.75;0.04
631;0.08
631.25;0
631.5;0.04
631.75;0.04
632;0.08
632.25;0
632.5;0.04
632.75;0.04
633;0.08
633.25;0
633.5;0.04
633.75;0.08
634;0.08
634.25;0
634.5;0.04
634.75;0.04
635;0.08
635.25;0
635.5;0.04
635.75;0.04
636;0.08
636.25;0
636.5;0.04
636.75;0.08
637;0.08
637.25;0
637.5;0.04
637.75;0.04
638;0.12
638.25;0
638.5;0.04
638.75;0.04
639;0.08
639.25;0
639.5;0.04
639.75;0.04
640;0.08
640.25;0
640.5;0.04
640.75;0.04
641;0.08
641.25;0
641.5;0.08
641.75;0.04
642;0.08
642.25;0
642.5;0.04
642.75;0.04
643;0.08
643.25;0
643.5;0.04
643.75;0.08
644;0.08
644.25;0
644.5;0.04
644.75;0.08
645;0.08
645.25;0
645.5;0.04
645.75;0.08
646;0.08
646.25;0
646.5;0.04
646.75;0.04
647;0.08
647.25;0
647.5;0.04
647.75;0.04
648;0.08
648.25;0
648.5;0.04
648.75;0.04
649;0.08
649.25;0
649.5;0.04
649.75;0.04
650;0.08
650.25;0
650.5;0.04
650.75;0.04
651;0.08
651.25;0
651.5;0.04
651.75;0.04
652;0.08
652.25;0
652.5;0.04
652.75;0.04
653;0.08
653.25;0
653.5;0.08
653.75;0.08
654;8.8
654.25;-1.4
654.5;3.52
654.75;3.68
655;8.8
655.25;-1.4
655.5;3.76
655.75;3.72
656;8.8
656.25;-1.4
656.5;3.72
656.75;3.76
657;8.8
657.25;-1.4
657.5;3.72
657.75;3.72
658;8.8
658.25;-1.4
658.5;3.52
658.75;3.04
659;8.8
659.25;-1.4
659.5;3.04
659.75;3.68
660;8.8
660.25;-1.4
660.5;3.72
660.75;3.72
661;8.8
661.25;-1.4
661.5;3.72
661.75;6.28
662;8.8
662.25;-1.4
662.5;2.4
662.75;3.52
663;8.8
663.25;-1.4
663.5;3.68
663.75;3.68
664;8.8
664.25;-1.4
664.5;3.72
664.75;3.72
665;8.8
665.25;-1.4
665.5;-1.4
665.75;3.72
666;8.8
666.25;-1.4
666.5;3.72
666.75;3.72
667;8.8
667.25;-1.4
667.5;3.68
667.75;3.68
668;8.8
668.25;-1.4
668.5;3.68
668.75;3.36
669;8.8
669.25;-1.4
669.5;3.72
669.75;3.72
670;8.8
670.25;-1.4
670.5;3.76
670.75;3.72
671;8.8
671.25;-1.4
671.5;2.4
671.75;3.68
672;8.8
672.25;-1.4
672.5;3.68
672.75;3.68
673;8.8
673.25;-1.4
673.5;3.04
673.75;3.52
674;8.8
674.25;-1.4
674.5;3.72
674.75;3.72
675;8.8
675.25;-1.4
675.5;3.72
675.75;3.72
676;8.8
676.25;-1.4
676.5;3.68
676.75;3.68
677;8.8
677.25;-1.4
677.5;3.68
677.75;1.12
678;8.8
678.25;-1.4
678.5;3.72
678.75;3.72
679;8.8
679.25;-1.4
679.5;3.72
679.75;3.72
680;8.8
680.25;-1.4
680.5;3.68
680.75;3.68
681;8.8
681.25;-1.4
681.5;3.68
681.75;3.68
682;8.8
682.25;-1.4
682.5;3.68
682.75;3.68
683;8.8
683.25;-1.4
683.5;3.72
683.75;3.72
684;8.8
684.25;-1.4
684.5;6.32
684.75;3.72
685;8.8
685.25;-1.4
685.5;3.68
685.75;2.4
686;8.8
686.25;-1.4
686.5;3.68
686.75;3.68
687;8.8
687.25;-1.4
687.5;3.72
687.75;3.72
688;8.8
688.25;-1.4
688.5;3.72
688.75;3.72
689;8.8
689.25;-1.4
689.5;3.68
689.75;3.68
690;8.8
690.25;-1.4
690.5;3.68
690.75;3.68
691;8.8
691.25;-1.4
691.5;3.68
691.75;2.4
692;8.8
692.25;-1.4
692.5;3.72
692.75;3.72
693;8.8
693.25;-1.4
693.5;3.72
693.75;3.72
694;8.8
694.25;-1.4
694.5;3.68
694.75;2.4
695;8.8
695.25;-1.4
695.5;3.68
695.75;2.4
696;8.8
696.25;-1.4
696.5;3.72
696.75;3.72
697;8.8
697.25;-1.4
697.5;3.72
697.75;3.72
698;8.8
698.25;-1.4
698.5;3.68
698.75;2.4
699;8.8
699.25;-1.4
699.5;2.4
699.75;3.68
700;8.8
700.25;-1.4
700.5;3.68
700.75;3.68
701;8.8
701.25;-1.4
701.5;3.72
701.75;3.72
702;8.8
702.25;-1.4
702.5;3.8
702.75;3.72
703;8.8
703.25;-1.4
703.5;2.4
703.75;3.68
704;8.8
704.25;-1.4
704.5;3.68
704.75;3.68
705;8.8
705.25;-1.4
705.5;3.76
705.75;3.72
706;8.8
706.25;-1.4
706.5;3.72
706.75;3.72
707;8.8
707.25;-1.4
707.5;3.72
707.75;3.72
708;8.8
708.25;-1.4
708.5;3.68
708.75;3.68
709;8.8
709.25;-1.4
709.5;3.68
709.75;3.04
710;8.8
710.25;-1.4
710.5;-1.4
710.75;3.72
711;8.8
711.25;-1.4
711.5;3.8
711.75;3.72
712;8.8
712.25;-1.4
712.5;3.68
712.75;3.68
713;8.8
713.25;-1.4
713.5;3.68
713.75;3.68
714;8.8
714.25;-1.4
714.5;3.72
714.75;3.72
715;8.8
715.25;-1.4
715.5;3.8
715.75;3.72
716;8.8
716.25;-1.4
716.5;6.32
716.75;3.72
717;8.8
717.25;-1.4
717.5;2.24
717.75;3.68
718;8.8
718.25;-1.4
718.5;3.68
718.75;3.68
719;8.8
719.25;-1.4
719.5;3.72
719.75;6.28
720;8.8
720.25;-1.4
720.5;3.72
720.75;3.72
721;8.8
721.25;-1.4
721.5;3.68
721.75;8.8
722;8.8
722.25;-1.4
722.5;2.72
722.75;3.52
723;8.8
723.25;-1.4
723.5;3.72
723.75;3.72
724;8.8
724.25;-1.4
724.5;3.72
724.75;3.72
725;8.8
725.25;-1.4
725.5;3.72
725.75;3.72
726;8.8
726.25;-1.4
726.5;3.68
726.75;3.04
727;8.8
727.25;-1.4
727.5;3.68
727.75;3.68
728;8.8
728.25;-1.4
728.5;3.72
728.75;3.72
729;8.8
729.25;-1.4
729.5;6.28
729.75;3.72
730;8.8
730.25;-1.4
730.5;3.68
730.75;3.68
731;8.8
731.25;-1.4
731.5;3.68
731.75;3.68
732;8.8
732.25;-1.4
732.5;3.72
732.75;3.72
733;8.8
733.25;-1.4
733.5;3.72
733.75;6.28
734;8.8
734.25;-1.4
734.5;3.72
734.75;3.72
735;8.8
735.25;-1.4
735.5;3.68
735.75;2.4
736;8.8
736.25;-1.4
736.5;3.68
736.75;3.68
737;8.8
737.25;-1.4
737.5;3.8
737.75;3.72
738;8.8
738.25;-1.4
738.5;3.72
738.75;3.72
739;8.8
739.25;-1.4
739.5;3.68
739.75;3.04
740;8.8
740.25;-1.4
740.5;0.96
740.75;3.68
741;8.8
741.25;-1.4
741.5;3.68
741.75;3.36
742;8.8
742.25;-1.4
742.5;3.76
742.75;3.72
743;8.8
743.25;-1.4
743.5;3.72
743.75;3.72
744;8.8
744.25;-1.4
744.5;3.36
744.75;3.68
745;8.8
745.25;-1.4
745.5;3.68
745.75;3.68
746;8.8
746.25;-1.4
746.5;3.72
746.75;3.72
747;8.8
747.25;-1.4
747.5;3.72
747.75;3.72
748;8.8
748.25;-1.4
748.5;3.52
748.75;3.68
749;8.8
749.25;-1.4
749.5;3.68
749.75;3.68
750;8.8
750.25;-1.4
750.5;3.68
750.75;3.68
751;8.8
751.25;-1.4
751.5;3.72
751.75;3.72
752;8.8
752.25;-1.4
752.5;3.72
752.75;3.72
753;8.8
753.25;-1.4
753.5;3.52
753.75;2.4
754;8.8
754.25;-1.4
754.5;3.68
754.75;3.36
755;8.8
755.25;-1.4
755.5;3.72
755.75;3.72
756;8.8
756.25;-1.4
756.5;-1.4
756.75;3.72
757;8.8
757.25;-1.4
757.5;3.68
757.75;3.68
758;8.8
758.25;-1.4
758.5;0.96
758.75;3.68
759;8.8
759.25;-1.4
759.5;3.68
759.75;2.4
