# Oscilloscope file ./4K-res-20uA-U.bin
# Channel 2
Time / s;Voltage / V
0;0.066
0.25;0.056
0.5;0.06
0.75;0.062
1;0.066
1.25;0.056
1.5;0.062
1.75;0.062
2;0.066
2.25;0.058
2.5;0.062
2.75;0.062
3;0.068
3.25;0.058
3.5;0.06
3.75;0.062
4;0.066
4.25;0.056
4.5;0.062
4.75;0.062
5;0.066
5.25;0.056
5.5;0.062
5.75;0.062
6;0.066
6.25;0.056
6.5;0.062
6.75;0.064
7;0.066
7.25;0.058
7.5;0.062
7.75;0.064
8;0.066
8.25;0.056
8.5;0.062
8.75;0.06
9;0.066
9.25;0.056
9.5;0.062
9.75;0.062
10;0.066
10.25;0.056
10.5;0.062
10.75;0.062
11;0.066
11.25;0.058
11.5;0.064
11.75;0.064
12;0.066
12.25;0.056
12.5;0.06
12.75;0.06
13;0.064
13.25;0.056
13.5;0.06
13.75;0.058
14;0.064
14.25;0.054
14.5;0.058
14.75;0.058
15;0.062
15.25;0.054
15.5;0.056
15.75;0.058
16;0.062
16.25;0.052
16.5;0.054
16.75;0.058
17;0.06
17.25;0.052
17.5;0.056
17.75;0.054
18;0.06
18.25;0.05
18.5;0.056
18.75;0.054
19;0.06
19.25;0.05
19.5;0.054
19.75;0.052
20;0.058
20.25;0.048
20.5;0.052
20.75;0.052
21;0.056
21.25;0.048
21.5;0.052
21.75;0.052
22;0.056
22.25;0.046
22.5;0.05
22.75;0.05
23;0.054
23.25;0.046
23.5;0.048
23.75;0.052
24;0.056
24.25;0.044
24.5;0.05
24.75;0.048
25;0.054
25.25;0.044
25.5;0.048
25.75;0.048
26;0.054
26.25;0.042
26.5;0.046
26.75;0.048
27;0.052
27.25;0.042
27.5;0.046
27.75;0.046
28;0.052
28.25;0.04
28.5;0.046
28.75;0.044
29;0.05
29.25;0.04
29.5;0.044
29.75;0.044
30;0.048
30.25;0.04
30.5;0.044
30.75;0.044
31;0.048
31.25;0.038
31.5;0.042
31.75;0.044
32;0.046
32.25;0.038
32.5;0.042
32.75;0.044
33;0.046
33.25;0.036
33.5;0.04
33.75;0.042
34;0.046
34.25;0.036
34.5;0.042
34.75;0.042
35;0.044
35.25;0.034
35.5;0.04
35.75;0.04
36;0.044
36.25;0.034
36.5;0.038
36.75;0.038
37;0.042
37.25;0.032
37.5;0.038
37.75;0.038
38;0.04
38.25;0.032
38.5;0.036
38.75;0.034
39;0.04
39.25;0.032
39.5;0.038
39.75;0.036
40;0.04
40.25;0.03
40.5;0.034
40.75;0.034
41;0.04
41.25;0.028
41.5;0.034
41.75;0.034
42;0.038
42.25;0.028
42.5;0.036
42.75;0.034
43;0.036
43.25;0.026
43.5;0.034
43.75;0.03
44;0.036
44.25;0.026
44.5;0.034
44.75;0.03
45;0.036
45.25;0.024
45.5;0.028
45.75;0.032
46;0.036
46.25;0.022
46.5;0.03
46.75;0.03
47;0.034
47.25;0.024
47.5;0.028
47.75;0.028
48;0.034
48.25;0.024
48.5;0.026
48.75;0.028
49;0.032
49.25;0.022
49.5;0.028
49.75;0.024
50;0.032
50.25;0.022
50.5;0.026
50.75;0.026
51;0.03
51.25;0.02
51.5;0.026
51.75;0.028
52;0.03
52.25;0.02
52.5;0.024
52.75;0.026
53;0.028
53.25;0.02
53.5;0.024
53.75;0.024
54;0.028
54.25;0.018
54.5;0.022
54.75;0.024
55;0.028
55.25;0.018
55.5;0.024
55.75;0.026
56;0.028
56.25;0.018
56.5;0.022
56.75;0.024
57;0.026
57.25;0.016
57.5;0.022
57.75;0.022
58;0.026
58.25;0.016
58.5;0.024
58.75;0.02
59;0.026
59.25;0.016
59.5;0.018
59.75;0.02
60;0.024
60.25;0.014
60.5;0.02
60.75;0.018
61;0.024
61.25;0.014
61.5;0.018
61.75;0.018
62;0.024
62.25;0.014
62.5;0.018
62.75;0.02
63;0.022
63.25;0.012
63.5;0.016
63.75;0.018
64;0.022
64.25;0.012
64.5;0.018
64.75;0.018
65;0.022
65.25;0.012
65.5;0.016
65.75;0.016
66;0.02
66.25;0.01
66.5;0.014
66.75;0.016
67;0.02
67.25;0.01
67.5;0.012
67.75;0.016
68;0.02
68.25;0.01
68.5;0.016
68.75;0.016
69;0.02
69.25;0.01
69.5;0.014
69.75;0.012
70;0.018
70.25;0.01
70.5;0.014
70.75;0.012
71;0.018
71.25;0.008
71.5;0.016
71.75;0.012
72;0.018
72.25;0.006
72.5;0.014
72.75;0.012
73;0.016
73.25;0.006
73.5;0.012
73.75;0.008
74;0.016
74.25;0.006
74.5;0.014
74.75;0.014
75;0.016
75.25;0.006
75.5;0.012
75.75;0.012
76;0.016
76.25;0.006
76.5;0.008
76.75;0.008
77;0.016
77.25;0.006
77.5;0.008
77.75;0.01
78;0.014
78.25;0.004
78.5;0.01
78.75;0.008
79;0.016
79.25;0.004
79.5;0.008
79.75;0.01
80;0.016
80.25;0.004
80.5;0.008
80.75;0.01
81;0.014
81.25;0.004
81.5;0.012
81.75;0.008
82;0.014
82.25;0.004
82.5;0.006
82.75;0.008
83;0.014
83.25;0.004
83.5;0.01
83.75;0.008
84;0.014
84.25;0.004
84.5;0.008
84.75;0.01
85;0.014
85.25;0.002
85.5;0.004
85.75;0.008
86;0.012
86.25;0.002
86.5;0.006
86.75;0.008
87;0.012
87.25;0.002
87.5;0.008
87.75;0.008
88;0.012
88.25;0
88.5;0.008
88.75;0.008
89;0.012
89.25;0.002
89.5;0.006
89.75;0.008
90;0.012
90.25;0.002
90.5;0.006
90.75;0.008
91;0.01
91.25;0
91.5;0.006
91.75;0.004
92;0.01
92.25;0
92.5;0.004
92.75;0.006
93;0.01
93.25;0
93.5;0.004
93.75;0.006
94;0.01
94.25;0
94.5;0.006
94.75;0.004
95;0.01
95.25;0
95.5;0.004
95.75;0.004
96;0.01
96.25;0
96.5;0.004
96.75;0.004
97;0.01
97.25;0
97.5;0.008
97.75;0.004
98;0.01
98.25;0
98.5;0.006
98.75;0.006
99;0.01
99.25;0
99.5;0.004
99.75;0.004
100;0.01
100.25;-0.002
100.5;0.006
100.75;0.004
101;0.01
101.25;-0.002
101.5;0.006
101.75;0.002
102;0.008
102.25;-0.002
102.5;0.004
102.75;0.006
103;0.01
103.25;-0.002
103.5;0.004
103.75;0.004
104;0.008
104.25;-0.002
104.5;0.004
104.75;0.004
105;0.008
105.25;-0.002
105.5;0.004
105.75;0.004
106;0.008
106.25;-0.002
106.5;0.004
106.75;0.004
107;0.008
107.25;-0.002
107.5;0.004
107.75;0.004
108;0.008
108.25;-0.002
108.5;0
108.75;0.002
109;0.008
109.25;-0.002
109.5;0.004
109.75;0
110;0.008
110.25;-0.002
110.5;0.004
110.75;0.004
111;0.008
111.25;-0.002
111.5;0.002
111.75;0.004
112;0.008
112.25;-0.002
112.5;0.004
112.75;0.002
113;0.008
113.25;-0.002
113.5;0
113.75;0.002
114;0.008
114.25;-0.004
114.5;0.006
114.75;0.002
115;0.008
115.25;-0.002
115.5;0.004
115.75;0.002
116;0.008
116.25;-0.004
116.5;0.004
116.75;0.004
117;0.008
117.25;-0.004
117.5;0.004
117.75;0.002
118;0.008
118.25;-0.004
118.5;0.002
118.75;0.004
119;0.008
119.25;-0.002
119.5;0.002
119.75;0.002
120;0.008
120.25;-0.002
120.5;0.006
120.75;0.002
121;0.008
121.25;-0.004
121.5;0.004
121.75;0.004
122;0.008
122.25;-0.004
122.5;0.002
122.75;0.002
123;0.008
123.25;-0.002
123.5;0
123.75;0.004
124;0.008
124.25;-0.004
124.5;0.002
124.75;0
125;0.008
125.25;-0.004
125.5;0.002
125.75;0.002
126;0.008
126.25;-0.002
126.5;0.002
126.75;0.002
127;0.008
127.25;-0.002
127.5;0
127.75;0.004
128;0.008
128.25;-0.004
128.5;0.004
128.75;0.002
129;0.006
129.25;-0.004
129.5;0.004
129.75;0.002
130;0.008
130.25;-0.004
130.5;0.002
130.75;0
131;0.008
131.25;-0.004
131.5;0.002
131.75;0
132;0.008
132.25;-0.004
132.5;0.004
132.75;0.004
133;0.008
133.25;-0.004
133.5;0.002
133.75;0.002
134;0.006
134.25;-0.004
134.5;0.002
134.75;0.002
135;0.008
135.25;-0.004
135.5;0.004
135.75;0.002
136;0.006
136.25;-0.004
136.5;0.002
136.75;0.002
137;0.008
137.25;-0.004
137.5;0
137.75;0.002
138;0.008
138.25;-0.004
138.5;0
138.75;0
139;0.008
139.25;-0.004
139.5;0
139.75;0.002
140;0.008
140.25;-0.004
140.5;0.002
140.75;0
141;0.006
141.25;-0.004
141.5;0
141.75;0
142;0.008
142.25;-0.004
142.5;0.002
142.75;0.002
143;0.008
143.25;-0.004
143.5;0
143.75;0.002
144;0.006
144.25;-0.004
144.5;0.002
144.75;0.004
145;0.008
145.25;-0.004
145.5;0.004
145.75;0.002
146;0.008
146.25;-0.004
146.5;0.002
146.75;0
147;0.006
147.25;-0.002
147.5;0.002
147.75;0.002
148;0.008
148.25;-0.004
148.5;0.002
148.75;0
149;0.008
149.25;-0.002
149.5;0
149.75;0.002
150;0.006
150.25;-0.004
150.5;0.002
150.75;0
151;0.008
151.25;-0.002
151.5;0.002
151.75;0.002
152;0.006
152.25;-0.004
152.5;0.002
152.75;0.002
153;0.006
153.25;-0.004
153.5;0.002
153.75;0.004
154;0.008
154.25;-0.004
154.5;0
154.75;0.002
155;0.008
155.25;-0.004
155.5;0.006
155.75;0.002
156;0.006
156.25;-0.004
156.5;0.002
156.75;0.002
157;0.008
157.25;-0.004
157.5;0.004
157.75;0.002
158;0.008
158.25;-0.004
158.5;0.002
158.75;0.002
159;0.006
159.25;-0.004
159.5;0.004
159.75;0
160;0.006
160.25;-0.004
160.5;0
160.75;0.004
161;0.006
161.25;-0.004
161.5;0.002
161.75;0.002
162;0.006
162.25;-0.004
162.5;0.002
162.75;0.002
163;0.006
163.25;-0.004
163.5;0.002
163.75;0.004
164;0.008
164.25;-0.004
164.5;0.004
164.75;0.006
165;0.008
165.25;-0.004
165.5;0.002
165.75;0.002
166;0.006
166.25;-0.004
166.5;0
166.75;0
167;0.008
167.25;-0.004
167.5;0.002
167.75;0.004
168;0.008
168.25;-0.002
168.5;0
168.75;0.004
169;0.008
169.25;-0.004
169.5;0.002
169.75;0.004
170;0.008
170.25;-0.004
170.5;0.002
170.75;0.002
171;0.008
171.25;-0.004
171.5;0.004
171.75;0.004
172;0.008
172.25;-0.004
172.5;0
172.75;0
173;0.008
173.25;-0.004
173.5;0.002
173.75;0.002
174;0.008
174.25;-0.004
174.5;0
174.75;0.002
175;0.006
175.25;-0.004
175.5;0.004
175.75;0.002
176;0.006
176.25;-0.004
176.5;0.004
176.75;0
177;0.008
177.25;-0.002
177.5;0
177.75;0
178;0.008
178.25;-0.004
178.5;0
178.75;0.002
179;0.008
179.25;-0.004
179.5;0.004
179.75;0.004
180;0.008
180.25;-0.004
180.5;0.002
180.75;0.002
181;0.006
181.25;-0.004
181.5;0
181.75;-0.002
182;0.006
182.25;-0.004
182.5;0.002
182.75;0
183;0.006
183.25;-0.004
183.5;0.002
183.75;0.002
184;0.008
184.25;-0.004
184.5;0.004
184.75;0.004
185;0.008
185.25;-0.004
185.5;0
185.75;0
186;0.008
186.25;-0.004
186.5;0.004
186.75;0.002
187;0.008
187.25;-0.002
187.5;0.002
187.75;0.002
188;0.008
188.25;-0.004
188.5;0
188.75;0.002
189;0.008
189.25;-0.004
189.5;0.002
189.75;0.002
190;0.006
190.25;-0.002
190.5;0.002
190.75;0
191;0.008
191.25;-0.004
191.5;0.004
191.75;0.002
192;0.006
192.25;-0.004
192.5;0.002
192.75;0.002
193;0.008
193.25;-0.004
193.5;0.004
193.75;0
194;0.006
194.25;-0.002
194.5;0.002
194.75;0.004
195;0.008
195.25;-0.004
195.5;0
195.75;0
196;0.006
196.25;-0.004
196.5;0.004
196.75;0
197;0.006
197.25;-0.004
197.5;0.004
197.75;0.004
198;0.008
198.25;-0.004
198.5;0
198.75;0.002
199;0.008
199.25;-0.002
199.5;0.004
199.75;0.006
200;0.006
200.25;-0.004
200.5;0.002
200.75;0.002
201;0.008
201.25;-0.004
201.5;0.002
201.75;0.002
202;0.008
202.25;-0.004
202.5;0
202.75;0.004
203;0.008
203.25;-0.004
203.5;0.004
203.75;0.004
204;0.008
204.25;-0.004
204.5;0.002
204.75;0.002
205;0.006
205.25;-0.004
205.5;0.002
205.75;0.002
206;0.008
206.25;-0.002
206.5;0.002
206.75;0.004
207;0.008
207.25;-0.004
207.5;0.002
207.75;0.004
208;0.008
208.25;-0.002
208.5;0
208.75;0.002
209;0.008
209.25;-0.002
209.5;0.004
209.75;0.004
210;0.008
210.25;-0.002
210.5;0.002
210.75;0
211;0.008
211.25;-0.002
211.5;0
211.75;0.004
212;0.008
212.25;-0.002
212.5;0
212.75;0.002
213;0.008
213.25;-0.002
213.5;0.004
213.75;0.002
214;0.008
214.25;-0.004
214.5;0.002
214.75;0
215;0.008
215.25;-0.002
215.5;0.002
215.75;0.004
216;0.008
216.25;-0.002
216.5;0.002
216.75;0.004
217;0.008
217.25;-0.004
217.5;0.002
217.75;0.002
218;0.008
218.25;-0.002
218.5;0.002
218.75;0
219;0.008
219.25;-0.004
219.5;0.002
219.75;0.004
220;0.008
220.25;-0.002
220.5;0.002
220.75;0.002
221;0.008
221.25;-0.002
221.5;0.002
221.75;0.002
222;0.008
222.25;-0.002
222.5;0.002
222.75;0.002
223;0.008
223.25;-0.002
223.5;0.002
223.75;0
224;0.008
224.25;-0.002
224.5;0.004
224.75;0.004
225;0.008
225.25;-0.002
225.5;0.004
225.75;0
226;0.008
226.25;-0.002
226.5;0.002
226.75;0.004
227;0.008
227.25;-0.002
227.5;0.004
227.75;0.004
228;0.008
228.25;-0.002
228.5;0.002
228.75;0.004
229;0.008
229.25;-0.004
229.5;0.004
229.75;0.004
230;0.008
230.25;-0.002
230.5;0.004
230.75;0.004
231;0.008
231.25;-0.002
231.5;0.004
231.75;0.004
232;0.008
232.25;-0.002
232.5;0.004
232.75;0.004
233;0.008
233.25;-0.002
233.5;0.004
233.75;0.004
234;0.008
234.25;-0.002
234.5;0.004
234.75;0.006
235;0.01
235.25;-0.002
235.5;0.006
235.75;0.004
236;0.008
236.25;-0.002
236.5;0.002
236.75;0.002
237;0.008
237.25;0
237.5;0.006
237.75;0.002
238;0.008
238.25;0
238.5;0.002
238.75;0.006
239;0.008
239.25;0
239.5;0.006
239.75;0.002
240;0.01
240.25;0
240.5;0.008
240.75;0.004
241;0.01
241.25;0
241.5;0.002
241.75;0.008
242;0.01
242.25;0
242.5;0.002
242.75;0.006
243;0.01
243.25;-0.002
243.5;0.008
243.75;0.006
244;0.01
244.25;0
244.5;0.008
244.75;0.006
245;0.01
245.25;0
245.5;0.006
245.75;0.006
246;0.01
246.25;0
246.5;0.006
246.75;0.004
247;0.01
247.25;0
247.5;0.006
247.75;0.008
248;0.01
248.25;0
248.5;0.008
248.75;0.006
249;0.012
249.25;0
249.5;0.006
249.75;0.002
250;0.012
250.25;0.002
250.5;0.008
250.75;0.006
251;0.012
251.25;0.002
251.5;0.004
251.75;0.004
252;0.012
252.25;0.002
252.5;0.006
252.75;0.006
253;0.012
253.25;0.002
253.5;0.008
253.75;0.01
254;0.012
254.25;0.004
254.5;0.01
254.75;0.008
255;0.012
255.25;0.004
255.5;0.008
255.75;0.008
256;0.012
256.25;0.004
256.5;0.008
256.75;0.008
257;0.014
257.25;0.004
257.5;0.01
257.75;0.006
258;0.014
258.25;0.004
258.5;0.01
258.75;0.008
259;0.014
259.25;0.006
259.5;0.01
259.75;0.012
260;0.014
260.25;0.006
260.5;0.01
260.75;0.01
261;0.016
261.25;0.006
261.5;0.012
261.75;0.012
262;0.016
262.25;0.006
262.5;0.01
262.75;0.012
263;0.016
263.25;0.008
263.5;0.012
263.75;0.012
264;0.018
264.25;0.008
264.5;0.012
264.75;0.016
265;0.018
265.25;0.008
265.5;0.012
265.75;0.012
266;0.02
266.25;0.008
266.5;0.016
266.75;0.014
267;0.018
267.25;0.01
267.5;0.014
267.75;0.016
268;0.02
268.25;0.01
268.5;0.016
268.75;0.014
269;0.02
269.25;0.01
269.5;0.016
269.75;0.016
270;0.02
270.25;0.012
270.5;0.016
270.75;0.016
271;0.02
271.25;0.012
271.5;0.014
271.75;0.018
272;0.022
272.25;0.012
272.5;0.018
272.75;0.018
273;0.024
273.25;0.014
273.5;0.018
273.75;0.02
274;0.022
274.25;0.014
274.5;0.02
274.75;0.02
275;0.024
275.25;0.014
275.5;0.02
275.75;0.02
276;0.026
276.25;0.016
276.5;0.02
276.75;0.022
277;0.026
277.25;0.016
277.5;0.022
277.75;0.024
278;0.026
278.25;0.018
278.5;0.022
278.75;0.022
279;0.028
279.25;0.018
279.5;0.022
279.75;0.022
280;0.028
280.25;0.02
280.5;0.024
280.75;0.022
281;0.028
281.25;0.02
281.5;0.024
281.75;0.026
282;0.03
282.25;0.022
282.5;0.026
282.75;0.026
283;0.03
283.25;0.022
283.5;0.028
283.75;0.026
284;0.032
284.25;0.022
284.5;0.03
284.75;0.028
285;0.032
285.25;0.024
285.5;0.028
285.75;0.028
286;0.034
286.25;0.024
286.5;0.028
286.75;0.03
287;0.034
287.25;0.026
287.5;0.028
287.75;0.03
288;0.034
288.25;0.026
288.5;0.032
288.75;0.03
289;0.036
289.25;0.026
289.5;0.032
289.75;0.032
290;0.038
290.25;0.028
290.5;0.032
290.75;0.032
291;0.038
291.25;0.028
291.5;0.034
291.75;0.032
292;0.038
292.25;0.03
292.5;0.034
292.75;0.036
293;0.04
293.25;0.03
293.5;0.034
293.75;0.034
294;0.04
294.25;0.032
294.5;0.036
294.75;0.036
295;0.042
295.25;0.032
295.5;0.036
295.75;0.036
296;0.042
296.25;0.034
296.5;0.038
296.75;0.036
297;0.042
297.25;0.034
297.5;0.036
297.75;0.038
298;0.044
298.25;0.036
298.5;0.038
298.75;0.038
299;0.044
299.25;0.034
299.5;0.04
299.75;0.04
300;0.044
300.25;0.036
300.5;0.042
300.75;0.04
301;0.046
301.25;0.038
301.5;0.042
301.75;0.042
302;0.046
302.25;0.038
302.5;0.042
302.75;0.044
303;0.046
303.25;0.038
303.5;0.044
303.75;0.042
304;0.048
304.25;0.04
304.5;0.044
304.75;0.042
305;0.048
305.25;0.04
305.5;0.042
305.75;0.044
306;0.048
306.25;0.04
306.5;0.046
306.75;0.046
307;0.05
307.25;0.04
307.5;0.046
307.75;0.044
308;0.05
308.25;0.042
308.5;0.044
308.75;0.046
309;0.05
309.25;0.042
309.5;0.046
309.75;0.048
310;0.05
310.25;0.042
310.5;0.046
310.75;0.048
311;0.052
311.25;0.042
311.5;0.048
311.75;0.048
312;0.05
312.25;0.044
312.5;0.048
312.75;0.048
313;0.052
313.25;0.044
313.5;0.046
313.75;0.048
314;0.052
314.25;0.044
314.5;0.046
314.75;0.048
315;0.052
315.25;0.044
315.5;0.048
315.75;0.046
316;0.052
316.25;0.044
316.5;0.048
316.75;0.05
317;0.054
317.25;0.044
317.5;0.05
317.75;0.048
318;0.052
318.25;0.044
318.5;0.048
318.75;0.05
319;0.054
319.25;0.044
319.5;0.048
319.75;0.048
320;0.054
320.25;0.044
320.5;0.052
320.75;0.05
321;0.054
321.25;0.044
321.5;0.05
321.75;0.048
322;0.054
322.25;0.046
322.5;0.048
322.75;0.05
323;0.054
323.25;0.046
323.5;0.052
323.75;0.05
324;0.054
324.25;0.046
324.5;0.048
324.75;0.05
325;0.054
325.25;0.046
325.5;0.048
325.75;0.048
326;0.054
326.25;0.046
326.5;0.048
326.75;0.05
327;0.054
327.25;0.046
327.5;0.05
327.75;0.05
328;0.054
328.25;0.044
328.5;0.05
328.75;0.05
329;0.052
329.25;0.046
329.5;0.048
329.75;0.048
330;0.054
330.25;0.046
330.5;0.048
330.75;0.05
331;0.054
331.25;0.044
331.5;0.05
331.75;0.05
332;0.052
332.25;0.044
332.5;0.05
332.75;0.048
333;0.054
333.25;0.044
333.5;0.048
333.75;0.05
334;0.052
334.25;0.044
334.5;0.048
334.75;0.048
335;0.052
335.25;0.044
335.5;0.05
335.75;0.05
336;0.052
336.25;0.042
336.5;0.048
336.75;0.048
337;0.052
337.25;0.044
337.5;0.046
337.75;0.048
338;0.052
338.25;0.044
338.5;0.048
338.75;0.048
339;0.052
339.25;0.044
339.5;0.048
339.75;0.048
340;0.052
340.25;0.042
340.5;0.048
340.75;0.048
341;0.052
341.25;0.044
341.5;0.048
341.75;0.046
342;0.052
342.25;0.042
342.5;0.046
342.75;0.046
343;0.052
343.25;0.042
343.5;0.046
343.75;0.046
344;0.05
344.25;0.042
344.5;0.046
344.75;0.046
345;0.05
345.25;0.042
345.5;0.046
345.75;0.046
346;0.05
346.25;0.042
346.5;0.044
346.75;0.044
347;0.05
347.25;0.042
347.5;0.046
347.75;0.046
348;0.05
348.25;0.04
348.5;0.046
348.75;0.046
349;0.048
349.25;0.04
349.5;0.042
349.75;0.044
350;0.05
350.25;0.04
350.5;0.046
350.75;0.04
351;0.05
351.25;0.04
351.5;0.044
351.75;0.044
352;0.05
352.25;0.04
352.5;0.042
352.75;0.042
353;0.048
353.25;0.038
353.5;0.044
353.75;0.042
354;0.048
354.25;0.038
354.5;0.044
354.75;0.042
355;0.046
355.25;0.038
355.5;0.04
355.75;0.044
356;0.046
356.25;0.038
356.5;0.042
356.75;0.042
357;0.046
357.25;0.038
357.5;0.044
357.75;0.042
358;0.046
358.25;0.036
358.5;0.042
358.75;0.042
359;0.046
359.25;0.038
359.5;0.042
359.75;0.04
360;0.046
360.25;0.038
360.5;0.04
360.75;0.042
361;0.044
361.25;0.038
361.5;0.042
361.75;0.044
362;0.044
362.25;0.036
362.5;0.042
362.75;0.042
363;0.046
363.25;0.036
363.5;0.04
363.75;0.042
364;0.044
364.25;0.036
364.5;0.04
364.75;0.04
365;0.044
365.25;0.034
365.5;0.038
365.75;0.038
366;0.044
366.25;0.034
366.5;0.04
366.75;0.038
367;0.044
367.25;0.036
367.5;0.04
367.75;0.04
368;0.044
368.25;0.034
368.5;0.038
368.75;0.04
369;0.042
369.25;0.032
369.5;0.036
369.75;0.038
370;0.042
370.25;0.034
370.5;0.04
370.75;0.038
371;0.042
371.25;0.034
371.5;0.038
371.75;0.038
372;0.042
372.25;0.034
372.5;0.038
372.75;0.04
373;0.042
373.25;0.032
373.5;0.038
373.75;0.038
374;0.042
374.25;0.032
374.5;0.038
374.75;0.038
375;0.042
375.25;0.032
375.5;0.036
375.75;0.036
376;0.042
376.25;0.032
376.5;0.036
376.75;0.034
377;0.04
377.25;0.032
377.5;0.036
377.75;0.034
378;0.04
378.25;0.032
378.5;0.038
378.75;0.034
379;0.04
379.25;0.03
379.5;0.034
379.75;0.032
380;0.04
380.25;0.03
380.5;0.034
380.75;0.034
381;0.04
381.25;0.03
381.5;0.032
381.75;0.034
382;0.038
382.25;0.03
382.5;0.032
382.75;0.034
383;0.038
383.25;0.03
383.5;0.034
383.75;0.034
384;0.038
384.25;0.028
384.5;0.032
384.75;0.032
385;0.038
385.25;0.03
385.5;0.034
385.75;0.034
386;0.038
386.25;0.028
386.5;0.032
386.75;0.032
387;0.038
387.25;0.028
387.5;0.034
387.75;0.032
388;0.038
388.25;0.028
388.5;0.032
388.75;0.032
389;0.036
389.25;0.028
389.5;0.032
389.75;0.034
390;0.036
390.25;0.026
390.5;0.03
390.75;0.03
391;0.036
391.25;0.026
391.5;0.032
391.75;0.03
392;0.036
392.25;0.026
392.5;0.028
392.75;0.03
393;0.036
393.25;0.024
393.5;0.03
393.75;0.03
394;0.034
394.25;0.024
394.5;0.03
394.75;0.03
395;0.034
395.25;0.026
395.5;0.028
395.75;0.028
396;0.034
396.25;0.024
396.5;0.028
396.75;0.028
397;0.034
397.25;0.022
397.5;0.026
397.75;0.028
398;0.034
398.25;0.024
398.5;0.03
398.75;0.028
399;0.034
399.25;0.024
399.5;0.028
399.75;0.028
400;0.032
400.25;0.022
400.5;0.024
400.75;0.028
401;0.032
401.25;0.022
401.5;0.028
401.75;0.024
402;0.032
402.25;0.022
402.5;0.026
402.75;0.026
403;0.03
403.25;0.022
403.5;0.026
403.75;0.026
404;0.032
404.25;0.02
404.5;0.028
404.75;0.026
405;0.03
405.25;0.02
405.5;0.026
405.75;0.026
406;0.03
406.25;0.018
406.5;0.024
406.75;0.022
407;0.028
407.25;0.02
407.5;0.024
407.75;0.02
408;0.028
408.25;0.02
408.5;0.024
408.75;0.022
409;0.026
409.25;0.018
409.5;0.024
409.75;0.024
410;0.028
410.25;0.016
410.5;0.024
410.75;0.022
411;0.026
411.25;0.018
411.5;0.022
411.75;0.02
412;0.026
412.25;0.016
412.5;0.022
412.75;0.02
413;0.026
413.25;0.016
413.5;0.02
413.75;0.02
414;0.026
414.25;0.016
414.5;0.02
414.75;0.018
415;0.024
415.25;0.014
415.5;0.018
415.75;0.018
416;0.022
416.25;0.014
416.5;0.018
416.75;0.018
417;0.022
417.25;0.012
417.5;0.018
417.75;0.018
418;0.022
418.25;0.012
418.5;0.016
418.75;0.016
419;0.022
419.25;0.012
419.5;0.016
419.75;0.016
420;0.02
420.25;0.01
420.5;0.014
420.75;0.016
421;0.02
421.25;0.01
421.5;0.016
421.75;0.016
422;0.02
422.25;0.01
422.5;0.014
422.75;0.014
423;0.02
423.25;0.01
423.5;0.014
423.75;0.012
424;0.02
424.25;0.01
424.5;0.014
424.75;0.014
425;0.018
425.25;0.006
425.5;0.012
425.75;0.014
426;0.02
426.25;0.008
426.5;0.012
426.75;0.014
427;0.018
427.25;0.006
427.5;0.014
427.75;0.012
428;0.018
428.25;0.006
428.5;0.01
428.75;0.012
429;0.016
429.25;0.006
429.5;0.008
429.75;0.012
430;0.018
430.25;0.006
430.5;0.012
430.75;0.01
431;0.014
431.25;0.006
431.5;0.01
431.75;0.012
432;0.016
432.25;0.004
432.5;0.01
432.75;0.01
433;0.014
433.25;0.004
433.5;0.01
433.75;0.01
434;0.014
434.25;0.004
434.5;0.012
434.75;0.01
435;0.014
435.25;0.004
435.5;0.008
435.75;0.008
436;0.014
436.25;0.004
436.5;0.008
436.75;0.01
437;0.014
437.25;0.002
437.5;0.006
437.75;0.008
438;0.014
438.25;0.002
438.5;0.006
438.75;0.006
439;0.012
439.25;0.002
439.5;0.006
439.75;0.01
440;0.012
440.25;0.002
440.5;0.006
440.75;0.006
441;0.012
441.25;0.002
441.5;0.006
441.75;0.008
442;0.012
442.25;0.002
442.5;0.004
442.75;0.006
443;0.012
443.25;0.002
443.5;0.008
443.75;0.008
444;0.012
444.25;0.002
444.5;0.008
444.75;0.006
445;0.012
445.25;0
445.5;0.006
445.75;0.008
446;0.012
446.25;0.002
446.5;0.004
446.75;0.006
447;0.012
447.25;0
447.5;0.006
447.75;0.002
448;0.012
448.25;0
448.5;0.004
448.75;0.004
449;0.012
449.25;0
449.5;0.006
449.75;0.006
450;0.012
450.25;0
450.5;0.006
450.75;0.008
451;0.012
451.25;0
451.5;0.006
451.75;0.006
452;0.012
452.25;0
452.5;0.006
452.75;0.006
453;0.012
453.25;0
453.5;0.008
453.75;0.004
454;0.012
454.25;0
454.5;0.004
454.75;0.004
455;0.012
455.25;0
455.5;0.006
455.75;0.008
456;0.012
456.25;0
456.5;0.006
456.75;0.006
457;0.012
457.25;0
457.5;0.004
457.75;0.004
458;0.012
458.25;0
458.5;0.008
458.75;0.006
459;0.012
459.25;0.002
459.5;0.006
459.75;0.006
460;0.012
460.25;0
460.5;0.008
460.75;0.006
461;0.012
461.25;0
461.5;0.008
461.75;0.006
462;0.012
462.25;0
462.5;0.006
462.75;0.006
463;0.012
463.25;-0.002
463.5;0.006
463.75;0.006
464;0.012
464.25;0.002
464.5;0.008
464.75;0.006
465;0.014
465.25;0.002
465.5;0.008
465.75;0.006
466;0.012
466.25;0.002
466.5;0.006
466.75;0.006
467;0.014
467.25;0.002
467.5;0.006
467.75;0.006
468;0.014
468.25;0.002
468.5;0.006
468.75;0.006
469;0.014
469.25;0.002
469.5;0.006
469.75;0.01
470;0.014
470.25;0.004
470.5;0.008
470.75;0.008
471;0.016
471.25;0.002
471.5;0.01
471.75;0.008
472;0.014
472.25;0.004
472.5;0.008
472.75;0.01
473;0.014
473.25;0.004
473.5;0.012
473.75;0.008
474;0.016
474.25;0.004
474.5;0.01
474.75;0.01
475;0.014
475.25;0.004
475.5;0.012
475.75;0.012
476;0.016
476.25;0.004
476.5;0.012
476.75;0.008
477;0.018
477.25;0.006
477.5;0.01
477.75;0.01
478;0.016
478.25;0.006
478.5;0.012
478.75;0.01
479;0.018
479.25;0.006
479.5;0.012
479.75;0.012
480;0.016
480.25;0.006
480.5;0.014
480.75;0.014
481;0.018
481.25;0.008
481.5;0.016
481.75;0.016
482;0.02
482.25;0.01
482.5;0.012
482.75;0.014
483;0.02
483.25;0.01
483.5;0.014
483.75;0.014
484;0.02
484.25;0.01
484.5;0.016
484.75;0.016
485;0.02
485.25;0.01
485.5;0.016
485.75;0.018
486;0.02
486.25;0.01
486.5;0.014
486.75;0.016
487;0.02
487.25;0.012
487.5;0.016
487.75;0.016
488;0.022
488.25;0.012
488.5;0.018
488.75;0.016
489;0.022
489.25;0.012
489.5;0.016
489.75;0.016
490;0.022
490.25;0.012
490.5;0.016
490.75;0.016
491;0.022
491.25;0.012
491.5;0.018
491.75;0.02
492;0.024
492.25;0.014
492.5;0.02
492.75;0.02
493;0.024
493.25;0.014
493.5;0.018
493.75;0.018
494;0.026
494.25;0.014
494.5;0.02
494.75;0.016
495;0.024
495.25;0.016
495.5;0.02
495.75;0.018
496;0.026
496.25;0.016
496.5;0.022
496.75;0.02
497;0.026
497.25;0.016
497.5;0.02
497.75;0.018
498;0.026
498.25;0.016
498.5;0.02
498.75;0.018
499;0.026
499.25;0.016
499.5;0.02
499.75;0.022
500;0.028
500.25;0.016
500.5;0.022
500.75;0.022
501;0.026
501.25;0.016
501.5;0.02
501.75;0.022
502;0.026
502.25;0.016
502.5;0.02
502.75;0.02
503;0.026
503.25;0.016
503.5;0.022
503.75;0.022
504;0.026
504.25;0.016
504.5;0.022
504.75;0.022
505;0.026
505.25;0.016
505.5;0.02
505.75;0.02
506;0.028
506.25;0.018
506.5;0.022
506.75;0.022
507;0.026
507.25;0.016
507.5;0.02
507.75;0.02
508;0.028
508.25;0.016
508.5;0.022
508.75;0.02
509;0.028
509.25;0.016
509.5;0.02
509.75;0.02
510;0.028
510.25;0.016
510.5;0.022
510.75;0.024
511;0.026
511.25;0.016
511.5;0.02
511.75;0.022
512;0.026
512.25;0.016
512.5;0.022
512.75;0.022
513;0.026
513.25;0.016
513.5;0.02
513.75;0.022
514;0.026
514.25;0.018
514.5;0.022
514.75;0.02
515;0.026
515.25;0.016
515.5;0.02
515.75;0.022
516;0.026
516.25;0.016
516.5;0.02
516.75;0.02
517;0.026
517.25;0.016
517.5;0.02
517.75;0.02
518;0.026
518.25;0.014
518.5;0.018
518.75;0.018
519;0.026
519.25;0.014
519.5;0.02
519.75;0.018
520;0.024
520.25;0.014
520.5;0.018
520.75;0.018
521;0.024
521.25;0.014
521.5;0.02
521.75;0.02
522;0.024
522.25;0.014
522.5;0.018
522.75;0.016
523;0.024
523.25;0.012
523.5;0.018
523.75;0.016
524;0.024
524.25;0.012
524.5;0.02
524.75;0.018
525;0.024
525.25;0.014
525.5;0.02
525.75;0.018
526;0.024
526.25;0.012
526.5;0.016
526.75;0.016
527;0.022
527.25;0.01
527.5;0.016
527.75;0.016
528;0.024
528.25;0.012
528.5;0.018
528.75;0.016
529;0.022
529.25;0.01
529.5;0.018
529.75;0.018
530;0.022
530.25;0.01
530.5;0.016
530.75;0.016
531;0.022
531.25;0.01
531.5;0.018
531.75;0.016
532;0.02
532.25;0.01
532.5;0.018
532.75;0.014
533;0.02
533.25;0.01
533.5;0.016
533.75;0.016
534;0.02
534.25;0.008
534.5;0.018
534.75;0.016
535;0.02
535.25;0.01
535.5;0.014
535.75;0.014
536;0.02
536.25;0.008
536.5;0.016
536.75;0.016
537;0.02
537.25;0.01
537.5;0.014
537.75;0.014
538;0.02
538.25;0.008
538.5;0.014
538.75;0.014
539;0.02
539.25;0.008
539.5;0.014
539.75;0.014
540;0.018
540.25;0.008
540.5;0.014
540.75;0.014
541;0.018
541.25;0.008
541.5;0.012
541.75;0.014
542;0.018
542.25;0.008
542.5;0.014
542.75;0.014
543;0.02
543.25;0.008
543.5;0.014
543.75;0.01
544;0.02
544.25;0.008
544.5;0.01
544.75;0.016
545;0.018
545.25;0.008
545.5;0.012
545.75;0.012
546;0.018
546.25;0.008
546.5;0.01
546.75;0.01
547;0.018
547.25;0.006
547.5;0.016
547.75;0.01
548;0.018
548.25;0.008
548.5;0.014
548.75;0.012
549;0.018
549.25;0.006
549.5;0.012
549.75;0.012
550;0.02
550.25;0.008
550.5;0.014
550.75;0.012
551;0.02
551.25;0.008
551.5;0.012
551.75;0.014
552;0.018
552.25;0.008
552.5;0.012
552.75;0.012
553;0.018
553.25;0.008
553.5;0.012
553.75;0.014
554;0.02
554.25;0.008
554.5;0.014
554.75;0.014
555;0.02
555.25;0.01
555.5;0.014
555.75;0.016
556;0.02
556.25;0.008
556.5;0.016
556.75;0.016
557;0.02
557.25;0.01
557.5;0.016
557.75;0.016
558;0.02
558.25;0.01
558.5;0.014
558.75;0.014
559;0.022
559.25;0.01
559.5;0.016
559.75;0.016
560;0.022
560.25;0.01
560.5;0.014
560.75;0.014
561;0.022
561.25;0.012
561.5;0.016
561.75;0.016
562;0.022
562.25;0.012
562.5;0.016
562.75;0.016
563;0.022
563.25;0.01
563.5;0.014
563.75;0.014
564;0.022
564.25;0.012
564.5;0.018
564.75;0.018
565;0.022
565.25;0.012
565.5;0.02
565.75;0.018
566;0.022
566.25;0.012
566.5;0.018
566.75;0.016
567;0.022
567.25;0.012
567.5;0.018
567.75;0.018
568;0.024
568.25;0.012
568.5;0.016
568.75;0.016
569;0.022
569.25;0.012
569.5;0.018
569.75;0.018
570;0.022
570.25;0.012
570.5;0.018
570.75;0.016
571;0.024
571.25;0.014
571.5;0.018
571.75;0.018
572;0.022
572.25;0.012
572.5;0.018
572.75;0.016
573;0.024
573.25;0.012
573.5;0.018
573.75;0.018
574;0.022
574.25;0.014
574.5;0.02
574.75;0.016
575;0.022
575.25;0.012
575.5;0.018
575.75;0.016
576;0.024
576.25;0.012
576.5;0.018
576.75;0.018
577;0.024
577.25;0.012
577.5;0.018
577.75;0.016
578;0.022
578.25;0.014
578.5;0.018
578.75;0.016
579;0.022
579.25;0.012
579.5;0.018
579.75;0.02
580;0.022
580.25;0.012
580.5;0.018
580.75;0.016
581;0.024
581.25;0.012
581.5;0.016
581.75;0.016
582;0.022
582.25;0.012
582.5;0.018
582.75;0.018
583;0.022
583.25;0.012
583.5;0.018
583.75;0.016
584;0.022
584.25;0.012
584.5;0.02
584.75;0.016
585;0.022
585.25;0.012
585.5;0.016
585.75;0.016
586;0.022
586.25;0.012
586.5;0.018
586.75;0.016
587;0.022
587.25;0.012
587.5;0.014
587.75;0.014
588;0.022
588.25;0.012
588.5;0.014
588.75;0.016
589;0.022
589.25;0.012
589.5;0.018
589.75;0.016
590;0.02
590.25;0.012
590.5;0.018
590.75;0.014
591;0.02
591.25;0.012
591.5;0.018
591.75;0.014
592;0.022
592.25;0.012
592.5;0.016
592.75;0.014
593;0.022
593.25;0.012
593.5;0.018
593.75;0.018
594;0.022
594.25;0.012
594.5;0.018
594.75;0.014
595;0.022
595.25;0.012
595.5;0.018
595.75;0.016
596;0.022
596.25;0.012
596.5;0.018
596.75;0.016
597;0.022
597.25;0.012
597.5;0.014
597.75;0.016
598;0.022
598.25;0.012
598.5;0.018
598.75;0.016
599;0.024
599.25;0.012
599.5;0.018
599.75;0.018
600;0.024
600.25;0.012
600.5;0.016
600.75;0.016
601;0.022
601.25;0.012
601.5;0.018
601.75;0.018
602;0.022
602.25;0.012
602.5;0.016
602.75;0.018
603;0.022
603.25;0.014
603.5;0.016
603.75;0.018
604;0.022
604.25;0.012
604.5;0.018
604.75;0.018
605;0.022
605.25;0.012
605.5;0.016
605.75;0.018
606;0.022
606.25;0.014
606.5;0.02
606.75;0.018
607;0.022
607.25;0.014
607.5;0.016
607.75;0.016
608;0.022
608.25;0.014
608.5;0.018
608.75;0.018
609;0.022
609.25;0.014
609.5;0.02
609.75;0.02
610;0.022
610.25;0.012
610.5;0.016
610.75;0.018
611;0.024
611.25;0.012
611.5;0.016
611.75;0.016
612;0.022
612.25;0.012
612.5;0.018
612.75;0.018
613;0.022
613.25;0.012
613.5;0.018
613.75;0.018
614;0.022
614.25;0.014
614.5;0.016
614.75;0.016
615;0.022
615.25;0.012
615.5;0.018
615.75;0.018
616;0.022
616.25;0.014
616.5;0.018
616.75;0.016
617;0.022
617.25;0.012
617.5;0.018
617.75;0.016
618;0.022
618.25;0.014
618.5;0.022
618.75;0.018
619;0.022
619.25;0.014
619.5;0.018
619.75;0.016
620;0.022
620.25;0.012
620.5;0.02
620.75;0.016
621;0.022
621.25;0.014
621.5;0.018
621.75;0.02
622;0.022
622.25;0.014
622.5;0.02
622.75;0.016
623;0.024
623.25;0.014
623.5;0.016
623.75;0.018
624;0.022
624.25;0.014
624.5;0.02
624.75;0.018
625;0.022
625.25;0.014
625.5;0.016
625.75;0.018
626;0.024
626.25;0.014
626.5;0.018
626.75;0.016
627;0.024
627.25;0.014
627.5;0.02
627.75;0.018
628;0.024
628.25;0.014
628.5;0.018
628.75;0.018
629;0.024
629.25;0.012
629.5;0.018
629.75;0.016
630;0.022
630.25;0.014
630.5;0.018
630.75;0.02
631;0.022
631.25;0.014
631.5;0.018
631.75;0.02
632;0.024
632.25;0.012
632.5;0.018
632.75;0.02
633;0.022
633.25;0.014
633.5;0.02
633.75;0.018
634;0.024
634.25;0.014
634.5;0.02
634.75;0.018
635;0.024
635.25;0.014
635.5;0.018
635.75;0.018
636;0.024
636.25;0.014
636.5;0.02
636.75;0.018
637;0.022
637.25;0.014
637.5;0.018
637.75;0.018
638;0.024
638.25;0.014
638.5;0.018
638.75;0.018
639;0.024
639.25;0.014
639.5;0.018
639.75;0.016
640;0.024
640.25;0.014
640.5;0.02
640.75;0.018
641;0.024
641.25;0.014
641.5;0.018
641.75;0.02
642;0.024
642.25;0.014
642.5;0.018
642.75;0.018
643;0.022
643.25;0.014
643.5;0.018
643.75;0.02
644;0.024
644.25;0.014
644.5;0.018
644.75;0.02
645;0.024
645.25;0.014
645.5;0.02
645.75;0.016
646;0.024
646.25;0.014
646.5;0.02
646.75;0.02
647;0.022
647.25;0.014
647.5;0.02
647.75;0.018
648;0.024
648.25;0.014
648.5;0.018
648.75;0.02
649;0.024
649.25;0.014
649.5;0.02
649.75;0.02
650;0.024
650.25;0.014
650.5;0.02
650.75;0.02
651;0.024
651.25;0.014
651.5;0.018
651.75;0.016
652;0.024
652.25;0.016
652.5;0.018
652.75;0.018
653;0.024
653.25;0.014
653.5;0.02
653.75;0.02
654;0.024
654.25;0.014
654.5;0.018
654.75;0.02
655;0.024
655.25;0.014
655.5;0.018
655.75;0.018
656;0.024
656.25;0.014
656.5;0.02
656.75;0.02
657;0.024
657.25;0.014
657.5;0.018
657.75;0.022
658;0.024
658.25;0.014
658.5;0.018
658.75;0.02
659;0.024
659.25;0.014
659.5;0.02
659.75;0.018
660;0.024
660.25;0.014
660.5;0.018
660.75;0.02
661;0.024
661.25;0.014
661.5;0.018
661.75;0.02
662;0.024
662.25;0.014
662.5;0.02
662.75;0.02
663;0.024
663.25;0.014
663.5;0.02
663.75;0.02
664;0.024
664.25;0.014
664.5;0.018
664.75;0.018
665;0.024
665.25;0.016
665.5;0.018
665.75;0.018
666;0.024
666.25;0.016
666.5;0.02
666.75;0.02
667;0.024
667.25;0.016
667.5;0.018
667.75;0.02
668;0.024
668.25;0.014
668.5;0.02
668.75;0.02
669;0.024
669.25;0.016
669.5;0.018
669.75;0.018
670;0.024
670.25;0.016
670.5;0.016
670.75;0.02
671;0.024
671.25;0.016
671.5;0.018
671.75;0.02
672;0.024
672.25;0.016
672.5;0.02
672.75;0.02
673;0.024
673.25;0.016
673.5;0.02
673.75;0.018
674;0.024
674.25;0.016
674.5;0.022
674.75;0.02
675;0.024
675.25;0.016
675.5;0.022
675.75;0.02
676;0.024
676.25;0.016
676.5;0.02
676.75;0.02
677;0.024
677.25;0.016
677.5;0.02
677.75;0.02
678;0.024
678.25;0.016
678.5;0.02
678.75;0.02
679;0.024
679.25;0.016
679.5;0.02
679.75;0.018
680;0.024
680.25;0.016
680.5;0.02
680.75;0.02
681;0.024
681.25;0.014
681.5;0.02
681.75;0.02
682;0.024
682.25;0.016
682.5;0.02
682.75;0.018
683;0.024
683.25;0.014
683.5;0.02
683.75;0.018
684;0.024
684.25;0.016
684.5;0.02
684.75;0.02
685;0.024
685.25;0.016
685.5;0.02
685.75;0.02
686;0.024
686.25;0.016
686.5;0.02
686.75;0.02
687;0.024
687.25;0.016
687.5;0.02
687.75;0.02
688;0.024
688.25;0.016
688.5;0.02
688.75;0.02
689;0.024
689.25;0.016
689.5;0.02
689.75;0.02
690;0.024
690.25;0.016
690.5;0.018
690.75;0.02
691;0.024
691.25;0.016
691.5;0.02
691.75;0.02
692;0.024
692.25;0.014
692.5;0.018
692.75;0.02
693;0.024
693.25;0.016
693.5;0.018
693.75;0.02
694;0.024
694.25;0.014
694.5;0.018
694.75;0.018
695;0.024
695.25;0.016
695.5;0.02
695.75;0.018
696;0.024
696.25;0.014
696.5;0.02
696.75;0.02
697;0.024
697.25;0.016
697.5;0.02
697.75;0.02
698;0.024
698.25;0.016
698.5;0.018
698.75;0.02
699;0.024
699.25;0.016
699.5;0.02
699.75;0.02
700;0.024
700.25;0.016
700.5;0.02
700.75;0.018
701;0.024
701.25;0.016
701.5;0.02
701.75;0.018
702;0.024
702.25;0.016
702.5;0.02
702.75;0.02
703;0.024
703.25;0.016
703.5;0.018
703.75;0.018
704;0.024
704.25;0.016
704.5;0.018
704.75;0.02
705;0.024
705.25;0.016
705.5;0.018
705.75;0.018
706;0.024
706.25;0.016
706.5;0.018
706.75;0.02
707;0.024
707.25;0.016
707.5;0.018
707.75;0.018
708;0.024
708.25;0.016
708.5;0.02
708.75;0.018
709;0.024
709.25;0.016
709.5;0.02
709.75;0.02
710;0.024
710.25;0.016
710.5;0.02
710.75;0.02
711;0.024
711.25;0.016
711.5;0.02
711.75;0.02
712;0.022
712.25;0.016
712.5;0.02
712.75;0.02
713;0.024
713.25;0.014
713.5;0.02
713.75;0.02
714;0.024
714.25;0.016
714.5;0.018
714.75;0.02
715;0.024
715.25;0.016
715.5;0.02
715.75;0.018
716;0.024
716.25;0.016
716.5;0.018
716.75;0.02
717;0.024
717.25;0.016
717.5;0.018
717.75;0.02
718;0.024
718.25;0.016
718.5;0.018
718.75;0.02
719;0.024
719.25;0.016
719.5;0.02
719.75;0.02
720;0.024
720.25;0.016
720.5;0.02
720.75;0.018
721;0.026
721.25;0.016
721.5;0.02
721.75;0.02
722;0.024
722.25;0.016
722.5;0.018
722.75;0.02
723;0.022
723.25;0.014
723.5;0.018
723.75;0.02
724;0.024
724.25;0.016
724.5;0.02
724.75;0.02
725;0.022
725.25;0.016
725.5;0.018
725.75;0.02
726;0.024
726.25;0.016
726.5;0.02
726.75;0.02
727;0.022
727.25;0.016
727.5;0.02
727.75;0.02
728;0.022
728.25;0.016
728.5;0.02
728.75;0.02
729;0.024
729.25;0.016
729.5;0.02
729.75;0.02
730;0.024
730.25;0.016
730.5;0.02
730.75;0.02
731;0.024
731.25;0.016
731.5;0.02
731.75;0.02
732;0.024
732.25;0.016
732.5;0.02
732.75;0.02
733;0.024
733.25;0.016
733.5;0.02
733.75;0.018
734;0.024
734.25;0.016
734.5;0.02
734.75;0.02
735;0.024
735.25;0.014
735.5;0.02
735.75;0.02
736;0.022
736.25;0.016
736.5;0.02
736.75;0.018
737;0.024
737.25;0.014
737.5;0.02
737.75;0.02
738;0.024
738.25;0.016
738.5;0.02
738.75;0.018
739;0.024
739.25;0.016
739.5;0.018
739.75;0.02
740;0.024
740.25;0.016
740.5;0.02
740.75;0.018
741;0.024
741.25;0.016
741.5;0.02
741.75;0.02
742;0.024
742.25;0.016
742.5;0.02
742.75;0.02
743;0.024
743.25;0.016
743.5;0.018
743.75;0.02
744;0.024
744.25;0.016
744.5;0.02
744.75;0.02
745;0.024
745.25;0.016
745.5;0.02
745.75;0.02
746;0.024
746.25;0.016
746.5;0.02
746.75;0.02
747;0.024
747.25;0.016
747.5;0.02
747.75;0.02
748;0.022
748.25;0.016
748.5;0.018
748.75;0.02
749;0.024
749.25;0.016
749.5;0.02
749.75;0.02
750;0.024
750.25;0.016
750.5;0.02
750.75;0.018
751;0.022
751.25;0.016
751.5;0.02
