# Oscilloscope file ./4K-res-20uA-B.bin
# Channel 1
Time / s;Voltage / V
0;5.28
0.25;5.16
0.5;5.24
0.75;5.2
1;5.24
1.25;5.16
1.5;5.2
1.75;5.24
2;5.28
2.25;5.16
2.5;5.2
2.75;5.24
3;5.28
3.25;5.16
3.5;5.24
3.75;5.24
4;5.24
4.25;5.16
4.5;5.24
4.75;5.24
5;5.28
5.25;5.16
5.5;5.2
5.75;5.24
6;5.24
6.25;5.16
6.5;5.24
6.75;5.2
7;5.24
7.25;5.16
7.5;5.24
7.75;5.2
8;5.28
8.25;5.16
8.5;5.2
8.75;5.24
9;5.28
9.25;5.16
9.5;5.24
9.75;5.2
10;5.28
10.25;5.16
10.5;5.2
10.75;5.24
11;5.28
11.25;5.16
11.5;5.2
11.75;5.2
12;5.24
12.25;5.16
12.5;5.2
12.75;5.2
13;5.24
13.25;5.16
13.5;5.2
13.75;5.2
14;5.24
14.25;5.16
14.5;5.2
14.75;5.2
15;5.24
15.25;5.16
15.5;5.2
15.75;5.16
16;5.24
16.25;5.16
16.5;5.2
16.75;5.2
17;5.24
17.25;5.12
17.5;5.16
17.75;5.16
18;5.2
18.25;5.12
18.5;5.16
18.75;5.16
19;5.2
19.25;5.12
19.5;5.16
19.75;5.16
20;5.2
20.25;5.12
20.5;5.16
20.75;5.16
21;5.2
21.25;5.08
21.5;5.16
21.75;5.12
22;5.2
22.25;5.08
22.5;5.12
22.75;5.12
23;5.16
23.25;5.08
23.5;5.16
23.75;5.16
24;5.16
24.25;5.08
24.5;5.12
24.75;5.12
25;5.16
25.25;5.08
25.5;5.12
25.75;5.12
26;5.16
26.25;5.08
26.5;5.12
26.75;5.12
27;5.16
27.25;5.04
27.5;5.12
27.75;5.12
28;5.16
28.25;5.04
28.5;5.08
28.75;5.08
29;5.12
29.25;5.04
29.5;5.08
29.75;5.08
30;5.12
30.25;5.04
30.5;5.08
30.75;5.08
31;5.12
31.25;5.04
31.5;5.08
31.75;5.08
32;5.12
32.25;5.04
32.5;5.08
32.75;5.08
33;5.12
33.25;5
33.5;5.04
33.75;5.08
34;5.12
34.25;5
34.5;5.04
34.75;5.04
35;5.08
35.25;5
35.5;5.04
35.75;5.04
36;5.08
36.25;5
36.5;5.04
36.75;5.04
37;5.08
37.25;5
37.5;5
37.75;5.04
38;5.08
38.25;5
38.5;5.04
38.75;5.04
39;5.08
39.25;4.96
39.5;5.04
39.75;5
40;5.04
40.25;4.96
40.5;5
40.75;5
41;5.04
41.25;4.96
41.5;5
41.75;5
42;5.04
42.25;4.96
42.5;5
42.75;5
43;5.04
43.25;4.96
43.5;4.96
43.75;5
44;5.04
44.25;4.92
44.5;5
44.75;4.96
45;5.04
45.25;4.92
45.5;4.96
45.75;4.96
46;5
46.25;4.92
46.5;4.96
46.75;4.96
47;5
47.25;4.92
47.5;4.96
47.75;4.96
48;5
48.25;4.92
48.5;4.96
48.75;4.96
49;5
49.25;4.92
49.5;4.92
49.75;4.92
50;5
50.25;4.88
50.5;4.92
50.75;4.92
51;4.96
51.25;4.88
51.5;4.92
51.75;4.92
52;4.96
52.25;4.88
52.5;4.92
52.75;4.92
53;4.96
53.25;4.88
53.5;4.92
53.75;4.92
54;4.96
54.25;4.88
54.5;4.92
54.75;4.92
55;4.96
55.25;4.84
55.5;4.92
55.75;4.88
56;4.96
56.25;4.84
56.5;4.88
56.75;4.92
57;4.92
57.25;4.84
57.5;4.88
57.75;4.88
58;4.92
58.25;4.84
58.5;4.88
58.75;4.88
59;4.92
59.25;4.84
59.5;4.88
59.75;4.88
60;4.92
60.25;4.8
60.5;4.88
60.75;4.88
61;4.92
61.25;4.8
61.5;4.84
61.75;4.88
62;4.88
62.25;4.8
62.5;4.84
62.75;4.84
63;4.88
63.25;4.8
63.5;4.84
63.75;4.84
64;4.88
64.25;4.8
64.5;4.84
64.75;4.84
65;4.88
65.25;4.8
65.5;4.84
65.75;4.84
66;4.88
66.25;4.8
66.5;4.8
66.75;4.8
67;4.88
67.25;4.76
67.5;4.84
67.75;4.8
68;4.84
68.25;4.76
68.5;4.8
68.75;4.8
69;4.84
69.25;4.76
69.5;4.8
69.75;4.8
70;4.84
70.25;4.76
70.5;4.8
70.75;4.8
71;4.84
71.25;4.76
71.5;4.8
71.75;4.8
72;4.84
72.25;4.72
72.5;4.8
72.75;4.8
73;4.8
73.25;4.72
73.5;4.76
73.75;4.76
74;4.8
74.25;4.72
74.5;4.76
74.75;4.76
75;4.8
75.25;4.72
75.5;4.76
75.75;4.76
76;4.8
76.25;4.72
76.5;4.72
76.75;4.72
77;4.8
77.25;4.68
77.5;4.76
77.75;4.76
78;4.8
78.25;4.68
78.5;4.72
78.75;4.72
79;4.76
79.25;4.68
79.5;4.72
79.75;4.72
80;4.76
80.25;4.68
80.5;4.72
80.75;4.72
81;4.76
81.25;4.68
81.5;4.72
81.75;4.72
82;4.76
82.25;4.68
82.5;4.68
82.75;4.72
83;4.76
83.25;4.64
83.5;4.68
83.75;4.72
84;4.72
84.25;4.64
84.5;4.68
84.75;4.72
85;4.72
85.25;4.64
85.5;4.68
85.75;4.72
86;4.72
86.25;4.64
86.5;4.68
86.75;4.68
87;4.72
87.25;4.64
87.5;4.68
87.75;4.68
88;4.72
88.25;4.64
88.5;4.68
88.75;4.64
89;4.72
89.25;4.6
89.5;4.64
89.75;4.64
90;4.68
90.25;4.6
90.5;4.64
90.75;4.64
91;4.68
91.25;4.6
91.5;4.64
91.75;4.64
92;4.68
92.25;4.6
92.5;4.6
92.75;4.64
93;4.68
93.25;4.6
93.5;4.6
93.75;4.64
94;4.68
94.25;4.6
94.5;4.6
94.75;4.6
95;4.64
95.25;4.56
95.5;4.64
95.75;4.64
96;4.64
96.25;4.56
96.5;4.64
96.75;4.6
97;4.64
97.25;4.56
97.5;4.6
97.75;4.6
98;4.64
98.25;4.56
98.5;4.6
98.75;4.56
99;4.64
99.25;4.56
99.5;4.6
99.75;4.6
100;4.64
100.25;4.52
100.5;4.56
100.75;4.56
101;4.6
101.25;4.52
101.5;4.56
101.75;4.56
102;4.6
102.25;4.52
102.5;4.56
102.75;4.56
103;4.6
103.25;4.52
103.5;4.56
103.75;4.56
104;4.6
104.25;4.52
104.5;4.52
104.75;4.56
105;4.6
105.25;4.52
105.5;4.52
105.75;4.52
106;4.6
106.25;4.48
106.5;4.56
106.75;4.52
107;4.56
107.25;4.48
107.5;4.52
107.75;4.52
108;4.56
108.25;4.48
108.5;4.52
108.75;4.56
109;4.56
109.25;4.48
109.5;4.52
109.75;4.52
110;4.56
110.25;4.44
110.5;4.52
110.75;4.52
111;4.56
111.25;4.44
111.5;4.52
111.75;4.52
112;4.56
112.25;4.44
112.5;4.48
112.75;4.52
113;4.52
113.25;4.44
113.5;4.48
113.75;4.48
114;4.52
114.25;4.44
114.5;4.48
114.75;4.52
115;4.52
115.25;4.44
115.5;4.48
115.75;4.48
116;4.52
116.25;4.44
116.5;4.48
116.75;4.48
117;4.52
117.25;4.4
117.5;4.44
117.75;4.44
118;4.52
118.25;4.4
118.5;4.44
118.75;4.44
119;4.48
119.25;4.4
119.5;4.44
119.75;4.44
120;4.48
120.25;4.4
120.5;4.44
120.75;4.44
121;4.48
121.25;4.4
121.5;4.4
121.75;4.44
122;4.48
122.25;4.4
122.5;4.44
122.75;4.4
123;4.48
123.25;4.36
123.5;4.4
123.75;4.44
124;4.44
124.25;4.36
124.5;4.4
124.75;4.4
125;4.44
125.25;4.36
125.5;4.4
125.75;4.4
126;4.44
126.25;4.36
126.5;4.4
126.75;4.4
127;4.44
127.25;4.36
127.5;4.36
127.75;4.4
128;4.44
128.25;4.32
128.5;4.36
128.75;4.4
129;4.44
129.25;4.32
129.5;4.36
129.75;4.36
130;4.4
130.25;4.32
130.5;4.36
130.75;4.36
131;4.4
131.25;4.32
131.5;4.36
131.75;4.36
132;4.4
132.25;4.32
132.5;4.36
132.75;4.36
133;4.4
133.25;4.28
133.5;4.32
133.75;4.36
134;4.36
134.25;4.28
134.5;4.32
134.75;4.36
135;4.36
135.25;4.28
135.5;4.32
135.75;4.32
136;4.36
136.25;4.28
136.5;4.32
136.75;4.32
137;4.36
137.25;4.28
137.5;4.32
137.75;4.32
138;4.36
138.25;4.24
138.5;4.28
138.75;4.32
139;4.36
139.25;4.24
139.5;4.28
139.75;4.28
140;4.32
140.25;4.24
140.5;4.28
140.75;4.28
141;4.32
141.25;4.24
141.5;4.28
141.75;4.28
142;4.32
142.25;4.24
142.5;4.28
142.75;4.28
143;4.32
143.25;4.24
143.5;4.24
143.75;4.28
144;4.32
144.25;4.24
144.5;4.24
144.75;4.24
145;4.28
145.25;4.2
145.5;4.24
145.75;4.24
146;4.28
146.25;4.2
146.5;4.24
146.75;4.24
147;4.28
147.25;4.2
147.5;4.24
147.75;4.24
148;4.28
148.25;4.2
148.5;4.24
148.75;4.24
149;4.28
149.25;4.2
149.5;4.24
149.75;4.24
150;4.28
150.25;4.16
150.5;4.24
150.75;4.2
151;4.28
151.25;4.16
151.5;4.2
151.75;4.2
152;4.24
152.25;4.16
152.5;4.2
152.75;4.2
153;4.24
153.25;4.16
153.5;4.2
153.75;4.2
154;4.24
154.25;4.16
154.5;4.2
154.75;4.2
155;4.24
155.25;4.16
155.5;4.2
155.75;4.2
156;4.24
156.25;4.12
156.5;4.16
156.75;4.16
157;4.2
157.25;4.12
157.5;4.16
157.75;4.16
158;4.2
158.25;4.12
158.5;4.16
158.75;4.16
159;4.2
159.25;4.12
159.5;4.16
159.75;4.16
160;4.2
160.25;4.08
160.5;4.12
160.75;4.16
161;4.2
161.25;4.08
161.5;4.12
161.75;4.12
162;4.2
162.25;4.08
162.5;4.12
162.75;4.16
163;4.16
163.25;4.08
163.5;4.12
163.75;4.12
164;4.16
164.25;4.08
164.5;4.12
164.75;4.12
165;4.16
165.25;4.08
165.5;4.12
165.75;4.12
166;4.16
166.25;4.08
166.5;4.12
166.75;4.12
167;4.16
167.25;4.04
167.5;4.08
167.75;4.08
168;4.12
168.25;4.04
168.5;4.08
168.75;4.12
169;4.12
169.25;4.04
169.5;4.08
169.75;4.08
170;4.12
170.25;4.04
170.5;4.08
170.75;4.08
171;4.12
171.25;4.04
171.5;4.08
171.75;4.04
172;4.12
172.25;4
172.5;4.08
172.75;4.04
173;4.08
173.25;4
173.5;4.08
173.75;4.04
174;4.08
174.25;4
174.5;4.04
174.75;4.04
175;4.08
175.25;4
175.5;4.04
175.75;4
176;4.08
176.25;4
176.5;4.04
176.75;4.04
177;4.08
177.25;3.96
177.5;4
177.75;4.04
178;4.08
178.25;3.96
178.5;4.04
178.75;4
179;4.08
179.25;3.96
179.5;3.96
179.75;4
180;4.04
180.25;3.96
180.5;4
180.75;4
181;4.04
181.25;3.96
181.5;4
181.75;4
182;4.04
182.25;3.96
182.5;4
182.75;4
183;4.04
183.25;3.96
183.5;4
183.75;3.96
184;4.04
184.25;3.92
184.5;4
184.75;3.96
185;4
185.25;3.92
185.5;3.96
185.75;3.96
186;4
186.25;3.92
186.5;3.96
186.75;3.96
187;4
187.25;3.92
187.5;3.96
187.75;3.96
188;4
188.25;3.92
188.5;3.96
188.75;3.96
189;4
189.25;3.92
189.5;3.92
189.75;3.96
190;3.96
190.25;3.88
190.5;3.92
190.75;3.92
191;3.96
191.25;3.88
191.5;3.96
191.75;3.92
192;3.96
192.25;3.88
192.5;3.92
192.75;3.92
193;3.96
193.25;3.88
193.5;3.92
193.75;3.92
194;3.96
194.25;3.88
194.5;3.88
194.75;3.88
195;3.96
195.25;3.84
195.5;3.88
195.75;3.88
196;3.92
196.25;3.84
196.5;3.88
196.75;3.88
197;3.92
197.25;3.84
197.5;3.88
197.75;3.88
198;3.92
198.25;3.84
198.5;3.84
198.75;3.88
199;3.92
199.25;3.84
199.5;3.88
199.75;3.88
200;3.92
200.25;3.8
200.5;3.84
200.75;3.84
201;3.88
201.25;3.8
201.5;3.84
201.75;3.88
202;3.88
202.25;3.8
202.5;3.84
202.75;3.84
203;3.88
203.25;3.8
203.5;3.84
203.75;3.84
204;3.88
204.25;3.8
204.5;3.84
204.75;3.84
205;3.88
205.25;3.8
205.5;3.8
205.75;3.8
206;3.88
206.25;3.76
206.5;3.8
206.75;3.8
207;3.84
207.25;3.76
207.5;3.8
207.75;3.8
208;3.84
208.25;3.76
208.5;3.8
208.75;3.8
209;3.84
209.25;3.76
209.5;3.76
209.75;3.8
210;3.84
210.25;3.76
210.5;3.76
210.75;3.8
211;3.84
211.25;3.72
211.5;3.76
211.75;3.76
212;3.8
212.25;3.72
212.5;3.76
212.75;3.76
213;3.8
213.25;3.72
213.5;3.76
213.75;3.8
214;3.8
214.25;3.72
214.5;3.76
214.75;3.76
215;3.8
215.25;3.72
215.5;3.72
215.75;3.72
216;3.8
216.25;3.68
216.5;3.76
216.75;3.76
217;3.8
217.25;3.68
217.5;3.72
217.75;3.72
218;3.76
218.25;3.68
218.5;3.72
218.75;3.72
219;3.76
219.25;3.68
219.5;3.72
219.75;3.72
220;3.76
220.25;3.68
220.5;3.72
220.75;3.72
221;3.76
221.25;3.68
221.5;3.72
221.75;3.72
222;3.76
222.25;3.68
222.5;3.72
222.75;3.68
223;3.76
223.25;3.64
223.5;3.72
223.75;3.68
224;3.76
224.25;3.64
224.5;3.68
224.75;3.68
225;3.72
225.25;3.64
225.5;3.68
225.75;3.68
226;3.72
226.25;3.64
226.5;3.68
226.75;3.68
227;3.72
227.25;3.64
227.5;3.68
227.75;3.68
228;3.72
228.25;3.6
228.5;3.64
228.75;3.64
229;3.68
229.25;3.6
229.5;3.64
229.75;3.64
230;3.68
230.25;3.6
230.5;3.64
230.75;3.64
231;3.68
231.25;3.6
231.5;3.64
231.75;3.64
232;3.68
232.25;3.6
232.5;3.64
232.75;3.64
233;3.68
233.25;3.56
233.5;3.6
233.75;3.64
234;3.64
234.25;3.56
234.5;3.6
234.75;3.64
235;3.68
235.25;3.56
235.5;3.64
235.75;3.6
236;3.64
236.25;3.56
236.5;3.6
236.75;3.6
237;3.64
237.25;3.56
237.5;3.6
237.75;3.6
238;3.64
238.25;3.56
238.5;3.6
238.75;3.6
239;3.64
239.25;3.52
239.5;3.6
239.75;3.6
240;3.64
240.25;3.52
240.5;3.56
240.75;3.6
241;3.6
241.25;3.52
241.5;3.56
241.75;3.56
242;3.6
242.25;3.52
242.5;3.56
242.75;3.56
243;3.6
243.25;3.52
243.5;3.56
243.75;3.56
244;3.6
244.25;3.52
244.5;3.52
244.75;3.56
245;3.56
245.25;3.48
245.5;3.52
245.75;3.52
246;3.56
246.25;3.48
246.5;3.52
246.75;3.52
247;3.56
247.25;3.48
247.5;3.52
247.75;3.52
248;3.56
248.25;3.48
248.5;3.52
248.75;3.52
249;3.56
249.25;3.48
249.5;3.52
249.75;3.52
250;3.56
250.25;3.44
250.5;3.52
250.75;3.48
251;3.56
251.25;3.44
251.5;3.48
251.75;3.48
252;3.52
252.25;3.44
252.5;3.44
252.75;3.48
253;3.52
253.25;3.44
253.5;3.48
253.75;3.48
254;3.52
254.25;3.44
254.5;3.48
254.75;3.48
255;3.52
255.25;3.44
255.5;3.48
255.75;3.48
256;3.52
256.25;3.4
256.5;3.48
256.75;3.44
257;3.48
257.25;3.4
257.5;3.44
257.75;3.44
258;3.48
258.25;3.4
258.5;3.44
258.75;3.44
259;3.48
259.25;3.4
259.5;3.44
259.75;3.4
260;3.48
260.25;3.4
260.5;3.44
260.75;3.44
261;3.48
261.25;3.4
261.5;3.4
261.75;3.4
262;3.44
262.25;3.36
262.5;3.4
262.75;3.4
263;3.44
263.25;3.36
263.5;3.4
263.75;3.4
264;3.44
264.25;3.36
264.5;3.4
264.75;3.4
265;3.44
265.25;3.36
265.5;3.36
265.75;3.4
266;3.44
266.25;3.36
266.5;3.36
266.75;3.4
267;3.44
267.25;3.32
267.5;3.36
267.75;3.4
268;3.4
268.25;3.32
268.5;3.36
268.75;3.36
269;3.4
269.25;3.32
269.5;3.36
269.75;3.36
270;3.4
270.25;3.32
270.5;3.36
270.75;3.36
271;3.4
271.25;3.32
271.5;3.36
271.75;3.32
272;3.4
272.25;3.32
272.5;3.32
272.75;3.36
273;3.4
273.25;3.28
273.5;3.32
273.75;3.36
274;3.36
274.25;3.28
274.5;3.32
274.75;3.32
275;3.36
275.25;3.28
275.5;3.32
275.75;3.32
276;3.36
276.25;3.28
276.5;3.32
276.75;3.32
277;3.36
277.25;3.28
277.5;3.32
277.75;3.28
278;3.32
278.25;3.24
278.5;3.32
278.75;3.28
279;3.32
279.25;3.24
279.5;3.28
279.75;3.28
280;3.32
280.25;3.24
280.5;3.32
280.75;3.28
281;3.32
281.25;3.24
281.5;3.28
281.75;3.28
282;3.32
282.25;3.24
282.5;3.24
282.75;3.28
283;3.32
283.25;3.24
283.5;3.28
283.75;3.24
284;3.28
284.25;3.2
284.5;3.28
284.75;3.28
285;3.28
285.25;3.2
285.5;3.24
285.75;3.24
286;3.28
286.25;3.2
286.5;3.2
286.75;3.24
287;3.28
287.25;3.2
287.5;3.24
287.75;3.24
288;3.28
288.25;3.2
288.5;3.24
288.75;3.24
289;3.28
289.25;3.16
289.5;3.2
289.75;3.24
290;3.28
290.25;3.16
290.5;3.2
290.75;3.2
291;3.24
291.25;3.16
291.5;3.16
291.75;3.2
292;3.24
292.25;3.16
292.5;3.2
292.75;3.2
293;3.24
293.25;3.16
293.5;3.16
293.75;3.2
294;3.24
294.25;3.16
294.5;3.2
294.75;3.2
295;3.24
295.25;3.12
295.5;3.2
295.75;3.2
296;3.2
296.25;3.12
296.5;3.16
296.75;3.16
297;3.2
297.25;3.12
297.5;3.16
297.75;3.16
298;3.2
298.25;3.12
298.5;3.16
298.75;3.16
299;3.2
299.25;3.12
299.5;3.16
299.75;3.16
300;3.2
300.25;3.08
300.5;3.16
300.75;3.16
301;3.2
301.25;3.08
301.5;3.12
301.75;3.16
302;3.16
302.25;3.08
302.5;3.12
302.75;3.12
303;3.16
303.25;3.08
303.5;3.12
303.75;3.12
304;3.16
304.25;3.08
304.5;3.12
304.75;3.12
305;3.16
305.25;3.08
305.5;3.12
305.75;3.08
306;3.16
306.25;3.04
306.5;3.08
306.75;3.08
307;3.12
307.25;3.04
307.5;3.08
307.75;3.12
308;3.12
308.25;3.04
308.5;3.04
308.75;3.08
309;3.12
309.25;3.04
309.5;3.08
309.75;3.04
310;3.12
310.25;3.04
310.5;3.08
310.75;3.08
311;3.12
311.25;3.04
311.5;3.08
311.75;3.04
312;3.08
312.25;3
312.5;3.04
312.75;3.04
313;3.08
313.25;3
313.5;3.08
313.75;3.04
314;3.08
314.25;3
314.5;3.04
314.75;3.04
315;3.08
315.25;3
315.5;3
315.75;3.04
316;3.08
316.25;3
316.5;3.04
316.75;3.04
317;3.08
317.25;2.96
317.5;3.04
317.75;3
318;3.08
318.25;2.96
318.5;3
318.75;3
319;3.04
319.25;2.96
319.5;3
319.75;3
320;3.04
320.25;2.96
320.5;3
320.75;3
321;3.04
321.25;2.96
321.5;3
321.75;3
322;3.04
322.25;2.96
322.5;3
322.75;2.96
323;3
323.25;2.92
323.5;3
323.75;3
324;3
324.25;2.92
324.5;2.96
324.75;2.96
325;3
325.25;2.92
325.5;2.96
325.75;2.96
326;3
326.25;2.92
326.5;2.96
326.75;2.96
327;3
327.25;2.92
327.5;2.96
327.75;2.96
328;3
328.25;2.88
328.5;2.96
328.75;2.92
329;2.96
329.25;2.88
329.5;2.92
329.75;2.92
330;3
330.25;2.88
330.5;2.92
330.75;2.92
331;2.96
331.25;2.88
331.5;2.92
331.75;2.92
332;2.96
332.25;2.88
332.5;2.92
332.75;2.92
333;2.96
333.25;2.84
333.5;2.92
333.75;2.92
334;2.92
334.25;2.84
334.5;2.88
334.75;2.88
335;2.92
335.25;2.84
335.5;2.88
335.75;2.88
336;2.92
336.25;2.84
336.5;2.84
336.75;2.84
337;2.92
337.25;2.84
337.5;2.84
337.75;2.88
338;2.92
338.25;2.84
338.5;2.88
338.75;2.88
339;2.92
339.25;2.8
339.5;2.84
339.75;2.84
340;2.88
340.25;2.8
340.5;2.84
340.75;2.88
341;2.88
341.25;2.8
341.5;2.84
341.75;2.84
342;2.88
342.25;2.8
342.5;2.84
342.75;2.84
343;2.88
343.25;2.8
343.5;2.84
343.75;2.8
344;2.88
344.25;2.8
344.5;2.84
344.75;2.84
345;2.88
345.25;2.76
345.5;2.8
345.75;2.84
346;2.84
346.25;2.76
346.5;2.8
346.75;2.8
347;2.84
347.25;2.76
347.5;2.8
347.75;2.8
348;2.84
348.25;2.76
348.5;2.8
348.75;2.8
349;2.84
349.25;2.76
349.5;2.8
349.75;2.8
350;2.84
350.25;2.72
350.5;2.8
350.75;2.8
351;2.8
351.25;2.72
351.5;2.76
351.75;2.76
352;2.8
352.25;2.72
352.5;2.76
352.75;2.76
353;2.8
353.25;2.72
353.5;2.76
353.75;2.76
354;2.8
354.25;2.72
354.5;2.76
354.75;2.72
355;2.8
355.25;2.68
355.5;2.76
355.75;2.76
356;2.8
356.25;2.68
356.5;2.72
356.75;2.76
357;2.8
357.25;2.68
357.5;2.72
357.75;2.72
358;2.76
358.25;2.68
358.5;2.72
358.75;2.72
359;2.76
359.25;2.68
359.5;2.72
359.75;2.72
360;2.76
360.25;2.68
360.5;2.72
360.75;2.72
361;2.76
361.25;2.64
361.5;2.72
361.75;2.68
362;2.72
362.25;2.64
362.5;2.68
362.75;2.68
363;2.72
363.25;2.64
363.5;2.68
363.75;2.68
364;2.72
364.25;2.64
364.5;2.68
364.75;2.68
365;2.72
365.25;2.64
365.5;2.68
365.75;2.68
366;2.72
366.25;2.64
366.5;2.64
366.75;2.68
367;2.72
367.25;2.6
367.5;2.68
367.75;2.64
368;2.68
368.25;2.6
368.5;2.64
368.75;2.64
369;2.68
369.25;2.6
369.5;2.64
369.75;2.64
370;2.68
370.25;2.6
370.5;2.64
370.75;2.6
371;2.68
371.25;2.6
371.5;2.64
371.75;2.6
372;2.68
372.25;2.6
372.5;2.6
372.75;2.64
373;2.68
373.25;2.56
373.5;2.64
373.75;2.6
374;2.64
374.25;2.56
374.5;2.6
374.75;2.6
375;2.64
375.25;2.56
375.5;2.56
375.75;2.6
376;2.64
376.25;2.56
376.5;2.6
376.75;2.6
377;2.64
377.25;2.56
377.5;2.56
377.75;2.56
378;2.64
378.25;2.56
378.5;2.6
378.75;2.56
379;2.64
379.25;2.52
379.5;2.56
379.75;2.56
380;2.6
380.25;2.52
380.5;2.56
380.75;2.56
381;2.6
381.25;2.52
381.5;2.56
381.75;2.56
382;2.6
382.25;2.52
382.5;2.56
382.75;2.52
383;2.6
383.25;2.48
383.5;2.52
383.75;2.52
384;2.6
384.25;2.48
384.5;2.52
384.75;2.52
385;2.56
385.25;2.48
385.5;2.52
385.75;2.52
386;2.56
386.25;2.48
386.5;2.52
386.75;2.52
387;2.56
387.25;2.48
387.5;2.52
387.75;2.52
388;2.56
388.25;2.48
388.5;2.48
388.75;2.48
389;2.56
389.25;2.44
389.5;2.48
389.75;2.52
390;2.56
390.25;2.44
390.5;2.48
390.75;2.48
391;2.52
391.25;2.44
391.5;2.52
391.75;2.52
392;2.52
392.25;2.44
392.5;2.48
392.75;2.48
393;2.52
393.25;2.44
393.5;2.48
393.75;2.48
394;2.52
394.25;2.44
394.5;2.44
394.75;2.44
395;2.48
395.25;2.4
395.5;2.44
395.75;2.44
396;2.52
396.25;2.4
396.5;2.44
396.75;2.44
397;2.48
397.25;2.4
397.5;2.44
397.75;2.44
398;2.48
398.25;2.4
398.5;2.44
398.75;2.48
399;2.48
399.25;2.4
399.5;2.44
399.75;2.4
400;2.48
400.25;2.4
400.5;2.44
400.75;2.4
401;2.44
401.25;2.36
401.5;2.4
401.75;2.44
402;2.44
402.25;2.36
402.5;2.4
402.75;2.4
403;2.44
403.25;2.36
403.5;2.4
403.75;2.4
404;2.44
404.25;2.36
404.5;2.4
404.75;2.4
405;2.44
405.25;2.36
405.5;2.4
405.75;2.4
406;2.44
406.25;2.32
406.5;2.36
406.75;2.4
407;2.4
407.25;2.32
407.5;2.36
407.75;2.36
408;2.4
408.25;2.32
408.5;2.36
408.75;2.36
409;2.4
409.25;2.32
409.5;2.36
409.75;2.36
410;2.4
410.25;2.28
410.5;2.32
410.75;2.36
411;2.4
411.25;2.28
411.5;2.32
411.75;2.32
412;2.4
412.25;2.28
412.5;2.32
412.75;2.32
413;2.36
413.25;2.28
413.5;2.32
413.75;2.32
414;2.36
414.25;2.28
414.5;2.32
414.75;2.36
415;2.36
415.25;2.28
415.5;2.28
415.75;2.28
416;2.36
416.25;2.24
416.5;2.28
416.75;2.28
417;2.32
417.25;2.24
417.5;2.28
417.75;2.28
418;2.36
418.25;2.24
418.5;2.32
418.75;2.32
419;2.32
419.25;2.24
419.5;2.28
419.75;2.28
420;2.32
420.25;2.24
420.5;2.28
420.75;2.24
421;2.32
421.25;2.24
421.5;2.28
421.75;2.28
422;2.32
422.25;2.2
422.5;2.24
422.75;2.24
423;2.28
423.25;2.2
423.5;2.24
423.75;2.24
424;2.28
424.25;2.2
424.5;2.24
424.75;2.24
425;2.28
425.25;2.2
425.5;2.24
425.75;2.24
426;2.28
426.25;2.2
426.5;2.24
426.75;2.24
427;2.28
427.25;2.2
427.5;2.24
427.75;2.24
428;2.28
428.25;2.16
428.5;2.2
428.75;2.2
429;2.28
429.25;2.16
429.5;2.24
429.75;2.2
430;2.24
430.25;2.16
430.5;2.2
430.75;2.2
431;2.24
431.25;2.16
431.5;2.2
431.75;2.2
432;2.24
432.25;2.16
432.5;2.2
432.75;2.2
433;2.24
433.25;2.16
433.5;2.16
433.75;2.16
434;2.24
434.25;2.12
434.5;2.16
434.75;2.2
435;2.24
435.25;2.12
435.5;2.2
435.75;2.16
436;2.2
436.25;2.12
436.5;2.16
436.75;2.16
437;2.2
437.25;2.08
437.5;2.16
437.75;2.16
438;2.2
438.25;2.12
438.5;2.12
438.75;2.16
439;2.2
439.25;2.08
439.5;2.12
439.75;2.12
440;2.16
440.25;2.08
440.5;2.12
440.75;2.12
441;2.16
441.25;2.08
441.5;2.12
441.75;2.12
442;2.16
442.25;2.08
442.5;2.08
442.75;2.12
443;2.16
443.25;2.08
443.5;2.08
443.75;2.08
444;2.16
444.25;2.08
444.5;2.08
444.75;2.08
445;2.12
445.25;2.04
445.5;2.08
445.75;2.08
446;2.16
446.25;2.04
446.5;2.08
446.75;2.08
447;2.12
447.25;2.04
447.5;2.08
447.75;2.08
448;2.12
448.25;2.04
448.5;2.08
448.75;2.08
449;2.12
449.25;2.04
449.5;2.04
449.75;2.04
450;2.08
450.25;2
450.5;2.04
450.75;2.04
451;2.08
451.25;2
451.5;2.08
451.75;2.04
452;2.08
452.25;2
452.5;2.08
452.75;2.08
453;2.08
453.25;2
453.5;2.04
453.75;2.04
454;2.08
454.25;2
454.5;2
454.75;2.04
455;2.08
455.25;2
455.5;2.04
455.75;2.04
456;2.08
456.25;1.96
456.5;2
456.75;2
457;2.04
457.25;1.96
457.5;2
457.75;2.04
458;2.04
458.25;1.96
458.5;2
458.75;2
459;2.04
459.25;1.96
459.5;2
459.75;2
460;2.04
460.25;1.96
460.5;2
460.75;2
461;2.04
461.25;1.96
461.5;2
461.75;2
462;2
462.25;1.92
462.5;1.96
462.75;1.96
463;2
463.25;1.92
463.5;1.96
463.75;1.96
464;2
464.25;1.92
464.5;1.96
464.75;1.96
465;2
465.25;1.92
465.5;1.96
465.75;1.96
466;2
466.25;1.92
466.5;1.96
466.75;1.96
467;2
467.25;1.88
467.5;1.96
467.75;1.92
468;1.96
468.25;1.88
468.5;1.92
468.75;1.92
469;1.96
469.25;1.88
469.5;1.92
469.75;1.92
470;1.96
470.25;1.88
470.5;1.92
470.75;1.92
471;1.96
471.25;1.88
471.5;1.96
471.75;1.92
472;1.96
472.25;1.88
472.5;1.92
472.75;1.92
473;1.96
473.25;1.84
473.5;1.92
473.75;1.88
474;1.92
474.25;1.84
474.5;1.88
474.75;1.88
475;1.92
475.25;1.84
475.5;1.88
475.75;1.88
476;1.92
476.25;1.84
476.5;1.88
476.75;1.88
477;1.92
477.25;1.8
477.5;1.84
477.75;1.88
478;1.92
478.25;1.84
478.5;1.88
478.75;1.84
479;1.88
479.25;1.8
479.5;1.84
479.75;1.84
480;1.88
480.25;1.8
480.5;1.84
480.75;1.84
481;1.88
481.25;1.8
481.5;1.84
481.75;1.84
482;1.88
482.25;1.8
482.5;1.84
482.75;1.84
483;1.88
483.25;1.76
483.5;1.8
483.75;1.8
484;1.88
484.25;1.76
484.5;1.84
484.75;1.8
485;1.84
485.25;1.76
485.5;1.8
485.75;1.8
486;1.84
486.25;1.76
486.5;1.76
486.75;1.8
487;1.84
487.25;1.76
487.5;1.76
487.75;1.8
488;1.84
488.25;1.72
488.5;1.8
488.75;1.8
489;1.84
489.25;1.76
489.5;1.8
489.75;1.76
490;1.8
490.25;1.72
490.5;1.76
490.75;1.76
491;1.8
491.25;1.72
491.5;1.76
491.75;1.76
492;1.8
492.25;1.72
492.5;1.76
492.75;1.76
493;1.8
493.25;1.72
493.5;1.76
493.75;1.76
494;1.8
494.25;1.68
494.5;1.72
494.75;1.76
495;1.8
495.25;1.68
495.5;1.72
495.75;1.72
496;1.76
496.25;1.68
496.5;1.72
496.75;1.72
497;1.76
497.25;1.68
497.5;1.72
497.75;1.72
498;1.76
498.25;1.68
498.5;1.72
498.75;1.72
499;1.76
499.25;1.68
499.5;1.72
499.75;1.72
500;1.76
500.25;1.64
500.5;1.68
500.75;1.72
501;1.72
501.25;1.64
501.5;1.68
501.75;1.68
502;1.72
502.25;1.64
502.5;1.68
502.75;1.68
503;1.72
503.25;1.64
503.5;1.68
503.75;1.68
504;1.72
504.25;1.64
504.5;1.68
504.75;1.68
505;1.72
505.25;1.6
505.5;1.68
505.75;1.68
506;1.68
506.25;1.6
506.5;1.64
506.75;1.68
507;1.68
507.25;1.6
507.5;1.64
507.75;1.64
508;1.68
508.25;1.6
508.5;1.64
508.75;1.64
509;1.68
509.25;1.6
509.5;1.64
509.75;1.64
510;1.68
510.25;1.6
510.5;1.6
510.75;1.64
511;1.68
511.25;1.56
511.5;1.6
511.75;1.6
512;1.64
512.25;1.56
512.5;1.64
512.75;1.64
513;1.64
513.25;1.56
513.5;1.6
513.75;1.6
514;1.64
514.25;1.56
514.5;1.6
514.75;1.6
515;1.64
515.25;1.56
515.5;1.6
515.75;1.6
516;1.64
516.25;1.56
516.5;1.6
516.75;1.6
517;1.64
517.25;1.52
517.5;1.6
517.75;1.56
518;1.6
518.25;1.52
518.5;1.56
518.75;1.56
519;1.6
519.25;1.52
519.5;1.56
519.75;1.56
520;1.6
520.25;1.52
520.5;1.56
520.75;1.56
521;1.6
521.25;1.52
521.5;1.56
521.75;1.56
522;1.6
522.25;1.48
522.5;1.52
522.75;1.56
523;1.6
523.25;1.48
523.5;1.52
523.75;1.52
524;1.56
524.25;1.48
524.5;1.52
524.75;1.52
525;1.56
525.25;1.48
525.5;1.52
525.75;1.52
526;1.56
526.25;1.48
526.5;1.52
526.75;1.48
527;1.56
527.25;1.48
527.5;1.48
527.75;1.48
528;1.56
528.25;1.44
528.5;1.52
528.75;1.52
529;1.52
529.25;1.44
529.5;1.48
529.75;1.48
530;1.52
530.25;1.44
530.5;1.48
530.75;1.52
531;1.52
531.25;1.44
531.5;1.48
531.75;1.48
532;1.52
532.25;1.44
532.5;1.48
532.75;1.48
533;1.52
533.25;1.44
533.5;1.44
533.75;1.48
534;1.52
534.25;1.4
534.5;1.48
534.75;1.48
535;1.48
535.25;1.4
535.5;1.44
535.75;1.44
536;1.48
536.25;1.4
536.5;1.44
536.75;1.4
537;1.48
537.25;1.4
537.5;1.44
537.75;1.44
538;1.48
538.25;1.4
538.5;1.44
538.75;1.4
539;1.48
539.25;1.36
539.5;1.4
539.75;1.4
540;1.44
540.25;1.36
540.5;1.4
540.75;1.4
541;1.44
541.25;1.36
541.5;1.4
541.75;1.4
542;1.44
542.25;1.36
542.5;1.4
542.75;1.4
543;1.44
543.25;1.36
543.5;1.36
543.75;1.4
544;1.44
544.25;1.36
544.5;1.36
544.75;1.36
545;1.44
545.25;1.32
545.5;1.36
545.75;1.36
546;1.4
546.25;1.32
546.5;1.36
546.75;1.36
547;1.4
547.25;1.32
547.5;1.36
547.75;1.36
548;1.4
548.25;1.32
548.5;1.36
548.75;1.32
549;1.4
549.25;1.32
549.5;1.36
549.75;1.36
550;1.4
550.25;1.28
550.5;1.36
550.75;1.32
551;1.36
551.25;1.28
551.5;1.32
551.75;1.32
552;1.36
552.25;1.28
552.5;1.32
552.75;1.32
553;1.36
553.25;1.28
553.5;1.32
553.75;1.32
554;1.36
554.25;1.24
554.5;1.32
554.75;1.32
555;1.36
555.25;1.28
555.5;1.32
555.75;1.32
556;1.36
556.25;1.24
556.5;1.32
556.75;1.28
557;1.32
557.25;1.24
557.5;1.28
557.75;1.28
558;1.32
558.25;1.24
558.5;1.28
558.75;1.28
559;1.32
559.25;1.24
559.5;1.28
559.75;1.28
560;1.32
560.25;1.24
560.5;1.28
560.75;1.28
561;1.32
561.25;1.2
561.5;1.24
561.75;1.24
562;1.32
562.25;1.2
562.5;1.24
562.75;1.24
563;1.28
563.25;1.2
563.5;1.24
563.75;1.28
564;1.28
564.25;1.2
564.5;1.24
564.75;1.24
565;1.28
565.25;1.2
565.5;1.24
565.75;1.24
566;1.28
566.25;1.2
566.5;1.2
566.75;1.2
567;1.28
567.25;1.2
567.5;1.2
567.75;1.24
568;1.28
568.25;1.16
568.5;1.2
568.75;1.2
569;1.24
569.25;1.16
569.5;1.2
569.75;1.2
570;1.24
570.25;1.16
570.5;1.2
570.75;1.2
571;1.24
571.25;1.16
571.5;1.16
571.75;1.2
572;1.24
572.25;1.16
572.5;1.16
572.75;1.16
573;1.24
573.25;1.12
573.5;1.2
573.75;1.2
574;1.2
574.25;1.12
574.5;1.16
574.75;1.16
575;1.2
575.25;1.12
575.5;1.16
575.75;1.16
576;1.2
576.25;1.12
576.5;1.16
576.75;1.16
577;1.2
577.25;1.12
577.5;1.16
577.75;1.16
578;1.2
578.25;1.08
578.5;1.12
578.75;1.12
579;1.16
579.25;1.08
579.5;1.16
579.75;1.12
580;1.16
580.25;1.08
580.5;1.12
580.75;1.12
581;1.16
581.25;1.08
581.5;1.16
581.75;1.12
582;1.16
582.25;1.08
582.5;1.12
582.75;1.08
583;1.16
583.25;1.04
583.5;1.08
583.75;1.08
584;1.16
584.25;1.04
584.5;1.12
584.75;1.12
585;1.12
585.25;1.04
585.5;1.08
585.75;1.08
586;1.12
586.25;1.04
586.5;1.08
586.75;1.08
587;1.12
587.25;1.04
587.5;1.08
587.75;1.08
588;1.12
588.25;1.04
588.5;1.08
588.75;1.08
589;1.12
589.25;1
589.5;1.04
589.75;1.08
590;1.12
590.25;1
590.5;1.04
590.75;1.04
591;1.08
591.25;1
591.5;1.04
591.75;1.04
592;1.08
592.25;1
592.5;1.04
592.75;1.04
593;1.08
593.25;1
593.5;1.04
593.75;1.04
594;1.08
594.25;1
594.5;1
594.75;1.04
595;1.08
595.25;0.96
595.5;1
595.75;1
596;1.04
596.25;0.96
596.5;1
596.75;1
597;1.04
597.25;0.96
597.5;1
597.75;1
598;1.04
598.25;0.96
598.5;1
598.75;1
599;1.04
599.25;0.96
599.5;1
599.75;1
600;1.04
600.25;0.96
600.5;0.96
600.75;0.96
601;1.04
601.25;0.92
601.5;1
601.75;0.96
602;1
602.25;0.92
602.5;0.96
602.75;1
603;1
603.25;0.92
603.5;0.96
603.75;0.96
604;1
604.25;0.92
604.5;0.96
604.75;0.96
605;1
605.25;0.92
605.5;0.96
605.75;0.92
606;1
606.25;0.92
606.5;0.96
606.75;0.96
607;0.96
607.25;0.88
607.5;0.92
607.75;0.92
608;0.96
608.25;0.88
608.5;0.92
608.75;0.92
609;0.96
609.25;0.88
609.5;0.92
609.75;0.92
610;0.96
610.25;0.88
610.5;0.92
610.75;0.92
611;0.96
611.25;0.88
611.5;0.92
611.75;0.88
612;0.96
612.25;0.84
612.5;0.92
612.75;0.92
613;0.92
613.25;0.84
613.5;0.88
613.75;0.88
614;0.92
614.25;0.84
614.5;0.84
614.75;0.88
615;0.92
615.25;0.84
615.5;0.88
615.75;0.84
616;0.92
616.25;0.84
616.5;0.88
616.75;0.88
617;0.92
617.25;0.8
617.5;0.88
617.75;0.88
618;0.88
618.25;0.8
618.5;0.88
618.75;0.84
619;0.88
619.25;0.8
619.5;0.84
619.75;0.84
620;0.88
620.25;0.8
620.5;0.84
620.75;0.84
621;0.88
621.25;0.8
621.5;0.8
621.75;0.84
622;0.88
622.25;0.8
622.5;0.8
622.75;0.84
623;0.88
623.25;0.76
623.5;0.84
623.75;0.8
624;0.84
624.25;0.76
624.5;0.8
624.75;0.8
625;0.84
625.25;0.76
625.5;0.8
625.75;0.8
626;0.84
626.25;0.76
626.5;0.8
626.75;0.8
627;0.84
627.25;0.76
627.5;0.8
627.75;0.8
628;0.84
628.25;0.72
628.5;0.8
628.75;0.8
629;0.8
629.25;0.72
629.5;0.76
629.75;0.76
630;0.8
630.25;0.72
630.5;0.76
630.75;0.8
631;0.8
631.25;0.72
631.5;0.76
631.75;0.76
632;0.8
632.25;0.72
632.5;0.76
632.75;0.76
633;0.8
633.25;0.72
633.5;0.72
633.75;0.72
634;0.8
634.25;0.68
634.5;0.76
634.75;0.76
635;0.76
635.25;0.68
635.5;0.72
635.75;0.72
636;0.76
636.25;0.68
636.5;0.72
636.75;0.72
637;0.76
637.25;0.68
637.5;0.72
637.75;0.72
638;0.76
638.25;0.68
638.5;0.72
638.75;0.72
639;0.76
639.25;0.64
639.5;0.68
639.75;0.68
640;0.76
640.25;0.64
640.5;0.68
640.75;0.72
641;0.72
641.25;0.64
641.5;0.68
641.75;0.72
642;0.72
642.25;0.64
642.5;0.68
642.75;0.68
643;0.72
643.25;0.64
643.5;0.68
643.75;0.68
644;0.72
644.25;0.64
644.5;0.64
644.75;0.64
645;0.72
645.25;0.6
645.5;0.64
645.75;0.68
646;0.68
646.25;0.6
646.5;0.64
646.75;0.64
647;0.68
647.25;0.6
647.5;0.64
647.75;0.64
648;0.68
648.25;0.6
648.5;0.64
648.75;0.64
649;0.68
649.25;0.6
649.5;0.64
649.75;0.64
650;0.68
650.25;0.56
650.5;0.6
650.75;0.64
651;0.64
651.25;0.56
651.5;0.6
651.75;0.6
652;0.68
652.25;0.56
652.5;0.6
652.75;0.64
653;0.64
653.25;0.56
653.5;0.6
653.75;0.6
654;0.64
654.25;0.56
654.5;0.6
654.75;0.56
655;0.64
655.25;0.56
655.5;0.6
655.75;0.6
656;0.64
656.25;0.52
656.5;0.56
656.75;0.6
657;0.64
657.25;0.52
657.5;0.56
657.75;0.56
658;0.6
658.25;0.52
658.5;0.56
658.75;0.56
659;0.6
659.25;0.52
659.5;0.56
659.75;0.56
660;0.6
660.25;0.52
660.5;0.56
660.75;0.56
661;0.6
661.25;0.52
661.5;0.56
661.75;0.56
662;0.6
662.25;0.48
662.5;0.52
662.75;0.52
663;0.6
663.25;0.48
663.5;0.52
663.75;0.48
664;0.56
664.25;0.48
664.5;0.56
664.75;0.52
665;0.56
665.25;0.48
665.5;0.52
665.75;0.52
666;0.56
666.25;0.48
666.5;0.48
666.75;0.48
667;0.56
667.25;0.48
667.5;0.52
667.75;0.52
668;0.52
668.25;0.44
668.5;0.48
668.75;0.48
669;0.52
669.25;0.44
669.5;0.48
669.75;0.48
670;0.52
670.25;0.44
670.5;0.44
670.75;0.44
671;0.52
671.25;0.44
671.5;0.48
671.75;0.48
672;0.52
672.25;0.4
672.5;0.44
672.75;0.48
673;0.52
673.25;0.4
673.5;0.44
673.75;0.44
674;0.48
674.25;0.4
674.5;0.44
674.75;0.44
675;0.48
675.25;0.4
675.5;0.44
675.75;0.44
676;0.48
676.25;0.4
676.5;0.44
676.75;0.4
677;0.48
677.25;0.4
677.5;0.44
677.75;0.44
678;0.48
678.25;0.4
678.5;0.4
678.75;0.4
679;0.48
679.25;0.36
679.5;0.4
679.75;0.4
680;0.44
680.25;0.36
680.5;0.4
680.75;0.4
681;0.44
681.25;0.36
681.5;0.4
681.75;0.4
682;0.44
682.25;0.36
682.5;0.4
682.75;0.4
683;0.44
683.25;0.36
683.5;0.4
683.75;0.36
684;0.44
684.25;0.32
684.5;0.36
684.75;0.36
685;0.4
685.25;0.32
685.5;0.36
685.75;0.36
686;0.4
686.25;0.32
686.5;0.36
686.75;0.36
687;0.4
687.25;0.32
687.5;0.36
687.75;0.36
688;0.4
688.25;0.28
688.5;0.36
688.75;0.36
689;0.4
689.25;0.32
689.5;0.36
689.75;0.32
690;0.36
690.25;0.28
690.5;0.32
690.75;0.32
691;0.36
691.25;0.28
691.5;0.32
691.75;0.32
692;0.36
692.25;0.28
692.5;0.32
692.75;0.32
693;0.36
693.25;0.28
693.5;0.32
693.75;0.32
694;0.36
694.25;0.28
694.5;0.32
694.75;0.32
695;0.36
695.25;0.24
695.5;0.28
695.75;0.32
696;0.36
696.25;0.24
696.5;0.28
696.75;0.28
697;0.32
697.25;0.24
697.5;0.28
697.75;0.28
698;0.32
698.25;0.24
698.5;0.32
698.75;0.28
699;0.32
699.25;0.24
699.5;0.28
699.75;0.28
700;0.32
700.25;0.24
700.5;0.24
700.75;0.28
701;0.32
701.25;0.2
701.5;0.28
701.75;0.28
702;0.28
702.25;0.2
702.5;0.24
702.75;0.24
703;0.28
703.25;0.2
703.5;0.24
703.75;0.24
704;0.28
704.25;0.2
704.5;0.24
704.75;0.24
705;0.28
705.25;0.2
705.5;0.24
705.75;0.2
706;0.28
706.25;0.2
706.5;0.2
706.75;0.24
707;0.24
707.25;0.16
707.5;0.2
707.75;0.2
708;0.24
708.25;0.16
708.5;0.2
708.75;0.24
709;0.24
709.25;0.16
709.5;0.2
709.75;0.2
710;0.24
710.25;0.16
710.5;0.2
710.75;0.2
711;0.24
711.25;0.16
711.5;0.2
711.75;0.2
712;0.24
712.25;0.12
712.5;0.16
712.75;0.16
713;0.2
713.25;0.12
713.5;0.16
713.75;0.16
714;0.2
714.25;0.12
714.5;0.16
714.75;0.16
715;0.2
715.25;0.12
715.5;0.16
715.75;0.16
716;0.2
716.25;0.12
716.5;0.12
716.75;0.12
717;0.2
717.25;0.12
717.5;0.12
717.75;0.12
718;0.16
718.25;0.08
718.5;0.16
718.75;0.12
719;0.16
719.25;0.08
719.5;0.16
719.75;0.12
720;0.16
720.25;0.08
720.5;0.12
720.75;0.12
721;0.16
721.25;0.08
721.5;0.12
721.75;0.12
722;0.16
722.25;0.08
722.5;0.08
722.75;0.12
723;0.16
723.25;0.04
723.5;0.08
723.75;0.08
724;0.12
724.25;0.04
724.5;0.08
724.75;0.08
725;0.12
725.25;0.04
725.5;0.08
725.75;0.08
726;0.12
726.25;0.04
726.5;0.04
726.75;0.08
727;0.12
727.25;0.04
727.5;0.08
727.75;0.04
728;0.12
728.25;0
728.5;0.04
728.75;0.04
729;0.12
729.25;0
729.5;0.04
729.75;0.08
730;0.08
730.25;0
730.5;0.04
730.75;0.08
731;0.08
731.25;0
731.5;0.04
731.75;0.04
732;0.08
732.25;0
732.5;0.04
732.75;0.04
733;0.08
733.25;0
733.5;0.04
733.75;0.04
734;0.08
734.25;0
734.5;0.04
734.75;0.04
735;0.08
735.25;0
735.5;0.04
735.75;0.04
736;0.08
736.25;0
736.5;0.04
736.75;0.04
737;0.08
737.25;0
737.5;0.04
737.75;0.04
738;0.08
738.25;0
738.5;0.04
738.75;0.04
739;0.08
739.25;0
739.5;0.04
739.75;0.04
740;0.08
740.25;0
740.5;0.04
740.75;0.04
741;0.12
741.25;0
741.5;0.04
741.75;0.04
742;0.08
742.25;0
742.5;0.04
742.75;0.04
743;0.08
743.25;0
743.5;0.04
743.75;0.04
744;0.08
744.25;0
744.5;0
744.75;0.04
745;0.08
745.25;0
745.5;0.04
745.75;0.04
746;0.08
746.25;0
746.5;0.04
746.75;0.04
747;0.08
747.25;0
747.5;0.04
747.75;0.04
748;0.08
748.25;0
748.5;0.04
748.75;0
749;0.08
749.25;0
749.5;0.04
749.75;0.04
750;0.08
750.25;0
750.5;0.04
750.75;0
751;0.08
751.25;0
751.5;0.04
