# Oscilloscope file ./4K-hall-20uA-B.bin
# Channel 1
Time / s;Voltage / V
0;1.04
0.25;1.08
0.5;1
0.75;1.04
1;1.08
1.25;1.12
1.5;1
1.75;1.04
2;1.08
2.25;1.12
2.5;1
2.75;1.08
3;1.04
3.25;1.12
3.5;1.04
3.75;1.08
4;1.08
4.25;1.12
4.5;1.04
4.75;1.08
5;1.08
5.25;1.12
5.5;1.04
5.75;1.08
6;1.08
6.25;1.12
6.5;1.04
6.75;1.12
7;1.12
7.25;1.16
7.5;1.04
7.75;1.12
8;1.12
8.25;1.16
8.5;1.08
8.75;1.12
9;1.08
9.25;1.16
9.5;1.08
9.75;1.12
10;1.12
10.25;1.16
10.5;1.08
10.75;1.16
11;1.12
11.25;1.16
11.5;1.08
11.75;1.16
12;1.12
12.25;1.16
12.5;1.08
12.75;1.16
13;1.16
13.25;1.2
13.5;1.12
13.75;1.12
14;1.16
14.25;1.2
14.5;1.12
14.75;1.16
15;1.12
15.25;1.2
15.5;1.12
15.75;1.16
16;1.16
16.25;1.2
16.5;1.12
16.75;1.2
17;1.16
17.25;1.24
17.5;1.12
17.75;1.2
18;1.16
18.25;1.24
18.5;1.16
18.75;1.2
19;1.16
19.25;1.24
19.5;1.16
19.75;1.2
20;1.2
20.25;1.24
20.5;1.16
20.75;1.2
21;1.2
21.25;1.24
21.5;1.16
21.75;1.2
22;1.24
22.25;1.24
22.5;1.16
22.75;1.2
23;1.2
23.25;1.24
23.5;1.16
23.75;1.24
24;1.2
24.25;1.28
24.5;1.2
24.75;1.2
25;1.24
25.25;1.28
25.5;1.2
25.75;1.24
26;1.2
26.25;1.28
26.5;1.2
26.75;1.24
27;1.24
27.25;1.28
27.5;1.2
27.75;1.24
28;1.24
28.25;1.32
28.5;1.2
28.75;1.28
29;1.28
29.25;1.32
29.5;1.2
29.75;1.28
30;1.28
30.25;1.32
30.5;1.24
30.75;1.28
31;1.28
31.25;1.32
31.5;1.24
31.75;1.28
32;1.32
32.25;1.32
32.5;1.24
32.75;1.28
33;1.28
33.25;1.32
33.5;1.24
33.75;1.28
34;1.28
34.25;1.36
34.5;1.24
34.75;1.28
35;1.32
35.25;1.36
35.5;1.28
35.75;1.28
36;1.28
36.25;1.36
36.5;1.28
36.75;1.32
37;1.32
37.25;1.36
37.5;1.28
37.75;1.32
38;1.32
38.25;1.36
38.5;1.28
38.75;1.32
39;1.32
39.25;1.4
39.5;1.28
39.75;1.36
40;1.36
40.25;1.4
40.5;1.32
40.75;1.36
41;1.32
41.25;1.4
41.5;1.32
41.75;1.36
42;1.36
42.25;1.4
42.5;1.32
42.75;1.36
43;1.36
43.25;1.4
43.5;1.32
43.75;1.36
44;1.36
44.25;1.4
44.5;1.32
44.75;1.36
45;1.4
45.25;1.44
45.5;1.32
45.75;1.36
46;1.36
46.25;1.44
46.5;1.36
46.75;1.36
47;1.36
47.25;1.44
47.5;1.36
47.75;1.4
48;1.4
48.25;1.44
48.5;1.36
48.75;1.4
49;1.4
49.25;1.44
49.5;1.36
49.75;1.44
50;1.4
50.25;1.44
50.5;1.36
50.75;1.4
51;1.4
51.25;1.48
51.5;1.36
51.75;1.44
52;1.44
52.25;1.48
52.5;1.4
52.75;1.44
53;1.44
53.25;1.48
53.5;1.4
53.75;1.44
54;1.44
54.25;1.48
54.5;1.4
54.75;1.44
55;1.44
55.25;1.48
55.5;1.4
55.75;1.44
56;1.48
56.25;1.52
56.5;1.4
56.75;1.48
57;1.48
57.25;1.52
57.5;1.4
57.75;1.48
58;1.48
58.25;1.52
58.5;1.44
58.75;1.48
59;1.48
59.25;1.52
59.5;1.44
59.75;1.48
60;1.48
60.25;1.52
60.5;1.44
60.75;1.48
61;1.52
61.25;1.56
61.5;1.44
61.75;1.48
62;1.52
62.25;1.56
62.5;1.48
62.75;1.52
63;1.48
63.25;1.56
63.5;1.48
63.75;1.52
64;1.52
64.25;1.56
64.5;1.48
64.75;1.56
65;1.52
65.25;1.56
65.5;1.48
65.75;1.52
66;1.52
66.25;1.56
66.5;1.48
66.75;1.52
67;1.52
67.25;1.6
67.5;1.48
67.75;1.56
68;1.56
68.25;1.6
68.5;1.52
68.75;1.52
69;1.56
69.25;1.6
69.5;1.52
69.75;1.56
70;1.56
70.25;1.6
70.5;1.52
70.75;1.56
71;1.56
71.25;1.6
71.5;1.52
71.75;1.56
72;1.56
72.25;1.6
72.5;1.52
72.75;1.6
73;1.6
73.25;1.64
73.5;1.52
73.75;1.56
74;1.6
74.25;1.64
74.5;1.56
74.75;1.6
75;1.6
75.25;1.64
75.5;1.56
75.75;1.6
76;1.6
76.25;1.64
76.5;1.56
76.75;1.6
77;1.6
77.25;1.64
77.5;1.56
77.75;1.64
78;1.6
78.25;1.68
78.5;1.56
78.75;1.64
79;1.64
79.25;1.68
79.5;1.6
79.75;1.64
80;1.64
80.25;1.68
80.5;1.6
80.75;1.64
81;1.64
81.25;1.68
81.5;1.6
81.75;1.64
82;1.64
82.25;1.68
82.5;1.6
82.75;1.68
83;1.64
83.25;1.68
83.5;1.6
83.75;1.68
84;1.68
84.25;1.72
84.5;1.6
84.75;1.68
85;1.68
85.25;1.72
85.5;1.64
85.75;1.68
86;1.68
86.25;1.72
86.5;1.64
86.75;1.72
87;1.68
87.25;1.72
87.5;1.64
87.75;1.68
88;1.68
88.25;1.72
88.5;1.64
88.75;1.68
89;1.72
89.25;1.76
89.5;1.64
89.75;1.68
90;1.72
90.25;1.76
90.5;1.68
90.75;1.72
91;1.72
91.25;1.76
91.5;1.68
91.75;1.72
92;1.72
92.25;1.76
92.5;1.68
92.75;1.72
93;1.72
93.25;1.76
93.5;1.68
93.75;1.72
94;1.72
94.25;1.8
94.5;1.68
94.75;1.72
95;1.76
95.25;1.8
95.5;1.72
95.75;1.76
96;1.76
96.25;1.8
96.5;1.72
96.75;1.76
97;1.76
97.25;1.8
97.5;1.72
97.75;1.76
98;1.76
98.25;1.8
98.5;1.72
98.75;1.76
99;1.76
99.25;1.8
99.5;1.72
99.75;1.76
100;1.76
100.25;1.8
100.5;1.72
100.75;1.76
101;1.76
101.25;1.84
101.5;1.76
101.75;1.8
102;1.8
102.25;1.84
102.5;1.76
102.75;1.8
103;1.8
103.25;1.84
103.5;1.76
103.75;1.8
104;1.8
104.25;1.84
104.5;1.76
104.75;1.8
105;1.8
105.25;1.88
105.5;1.76
105.75;1.8
106;1.84
106.25;1.88
106.5;1.76
106.75;1.84
107;1.84
107.25;1.88
107.5;1.76
107.75;1.84
108;1.84
108.25;1.88
108.5;1.8
108.75;1.84
109;1.84
109.25;1.88
109.5;1.8
109.75;1.84
110;1.88
110.25;1.88
110.5;1.8
110.75;1.84
111;1.84
111.25;1.92
111.5;1.8
111.75;1.84
112;1.88
112.25;1.92
112.5;1.8
112.75;1.88
113;1.88
113.25;1.92
113.5;1.84
113.75;1.88
114;1.88
114.25;1.92
114.5;1.84
114.75;1.88
115;1.88
115.25;1.92
115.5;1.84
115.75;1.88
116;1.88
116.25;1.92
116.5;1.84
116.75;1.92
117;1.92
117.25;1.96
117.5;1.84
117.75;1.92
118;1.92
118.25;1.96
118.5;1.88
118.75;1.92
119;1.92
119.25;1.96
119.5;1.88
119.75;1.92
120;1.92
120.25;1.96
120.5;1.88
120.75;1.92
121;1.92
121.25;1.96
121.5;1.88
121.75;1.92
122;1.92
122.25;2
122.5;1.88
122.75;1.92
123;1.92
123.25;2
123.5;1.92
123.75;1.96
124;1.92
124.25;2
124.5;1.92
124.75;1.96
125;1.96
125.25;2
125.5;1.92
125.75;1.96
126;1.96
126.25;2
126.5;1.92
126.75;1.96
127;1.96
127.25;2
127.5;1.92
127.75;1.96
128;2
128.25;2.04
128.5;1.92
128.75;2
129;2
129.25;2.04
129.5;1.96
129.75;2
130;2
130.25;2.04
130.5;1.96
130.75;2
131;2
131.25;2.04
131.5;1.96
131.75;2
132;2
132.25;2.04
132.5;1.96
132.75;2.04
133;2
133.25;2.04
133.5;1.96
133.75;2.04
134;2.04
134.25;2.08
134.5;2
134.75;2.04
135;2.04
135.25;2.08
135.5;2
135.75;2.04
136;2.04
136.25;2.08
136.5;2
136.75;2.04
137;2.04
137.25;2.08
137.5;2
137.75;2.04
138;2.04
138.25;2.08
138.5;2
138.75;2.04
139;2.08
139.25;2.12
139.5;2
139.75;2.08
140;2.04
140.25;2.12
140.5;2.04
140.75;2.08
141;2.08
141.25;2.12
141.5;2.04
141.75;2.08
142;2.08
142.25;2.12
142.5;2.04
142.75;2.08
143;2.08
143.25;2.12
143.5;2.04
143.75;2.08
144;2.12
144.25;2.12
144.5;2.04
144.75;2.12
145;2.08
145.25;2.16
145.5;2.08
145.75;2.12
146;2.08
146.25;2.16
146.5;2.08
146.75;2.12
147;2.16
147.25;2.16
147.5;2.08
147.75;2.12
148;2.12
148.25;2.16
148.5;2.08
148.75;2.12
149;2.12
149.25;2.16
149.5;2.08
149.75;2.12
150;2.16
150.25;2.2
150.5;2.08
150.75;2.16
151;2.16
151.25;2.2
151.5;2.08
151.75;2.16
152;2.16
152.25;2.2
152.5;2.12
152.75;2.16
153;2.16
153.25;2.2
153.5;2.12
153.75;2.16
154;2.16
154.25;2.2
154.5;2.12
154.75;2.16
155;2.2
155.25;2.2
155.5;2.12
155.75;2.16
156;2.16
156.25;2.24
156.5;2.12
156.75;2.2
157;2.2
157.25;2.24
157.5;2.16
157.75;2.2
158;2.2
158.25;2.24
158.5;2.16
158.75;2.2
159;2.2
159.25;2.24
159.5;2.16
159.75;2.2
160;2.2
160.25;2.24
160.5;2.16
160.75;2.2
161;2.2
161.25;2.24
161.5;2.16
161.75;2.24
162;2.24
162.25;2.28
162.5;2.2
162.75;2.24
163;2.24
163.25;2.28
163.5;2.2
163.75;2.24
164;2.24
164.25;2.28
164.5;2.2
164.75;2.24
165;2.24
165.25;2.28
165.5;2.2
165.75;2.24
166;2.24
166.25;2.32
166.5;2.2
166.75;2.24
167;2.28
167.25;2.32
167.5;2.2
167.75;2.28
168;2.28
168.25;2.32
168.5;2.2
168.75;2.28
169;2.28
169.25;2.32
169.5;2.24
169.75;2.28
170;2.28
170.25;2.32
170.5;2.24
170.75;2.28
171;2.28
171.25;2.36
171.5;2.24
171.75;2.28
172;2.32
172.25;2.36
172.5;2.24
172.75;2.32
173;2.32
173.25;2.36
173.5;2.28
173.75;2.28
174;2.32
174.25;2.36
174.5;2.28
174.75;2.32
175;2.32
175.25;2.36
175.5;2.28
175.75;2.32
176;2.32
176.25;2.36
176.5;2.28
176.75;2.32
177;2.32
177.25;2.4
177.5;2.28
177.75;2.32
178;2.32
178.25;2.4
178.5;2.28
178.75;2.36
179;2.36
179.25;2.4
179.5;2.28
179.75;2.32
180;2.36
180.25;2.4
180.5;2.32
180.75;2.36
181;2.36
181.25;2.4
181.5;2.32
181.75;2.36
182;2.4
182.25;2.4
182.5;2.32
182.75;2.36
183;2.36
183.25;2.44
183.5;2.32
183.75;2.4
184;2.36
184.25;2.44
184.5;2.32
184.75;2.4
185;2.4
185.25;2.44
185.5;2.36
185.75;2.4
186;2.4
186.25;2.44
186.5;2.36
186.75;2.4
187;2.4
187.25;2.44
187.5;2.36
187.75;2.44
188;2.4
188.25;2.48
188.5;2.36
188.75;2.4
189;2.4
189.25;2.48
189.5;2.4
189.75;2.44
190;2.44
190.25;2.48
190.5;2.4
190.75;2.44
191;2.44
191.25;2.48
191.5;2.4
191.75;2.44
192;2.44
192.25;2.48
192.5;2.4
192.75;2.44
193;2.44
193.25;2.48
193.5;2.4
193.75;2.44
194;2.48
194.25;2.52
194.5;2.4
194.75;2.48
195;2.44
195.25;2.52
195.5;2.44
195.75;2.48
196;2.48
196.25;2.52
196.5;2.44
196.75;2.52
197;2.48
197.25;2.52
197.5;2.44
197.75;2.48
198;2.48
198.25;2.52
198.5;2.44
198.75;2.48
199;2.48
199.25;2.52
199.5;2.44
199.75;2.48
200;2.48
200.25;2.56
200.5;2.48
200.75;2.48
201;2.52
201.25;2.56
201.5;2.48
201.75;2.52
202;2.52
202.25;2.56
202.5;2.48
202.75;2.52
203;2.52
203.25;2.56
203.5;2.48
203.75;2.52
204;2.52
204.25;2.56
204.5;2.48
204.75;2.52
205;2.52
205.25;2.56
205.5;2.48
205.75;2.56
206;2.52
206.25;2.6
206.5;2.52
206.75;2.56
207;2.56
207.25;2.6
207.5;2.52
207.75;2.52
208;2.56
208.25;2.6
208.5;2.52
208.75;2.56
209;2.56
209.25;2.6
209.5;2.52
209.75;2.56
210;2.6
210.25;2.6
210.5;2.52
210.75;2.56
211;2.56
211.25;2.64
211.5;2.52
211.75;2.6
212;2.6
212.25;2.64
212.5;2.56
212.75;2.6
213;2.6
213.25;2.64
213.5;2.56
213.75;2.6
214;2.6
214.25;2.64
214.5;2.56
214.75;2.6
215;2.6
215.25;2.64
215.5;2.56
215.75;2.6
216;2.64
216.25;2.68
216.5;2.56
216.75;2.64
217;2.64
217.25;2.68
217.5;2.6
217.75;2.64
218;2.6
218.25;2.68
218.5;2.6
218.75;2.64
219;2.64
219.25;2.68
219.5;2.6
219.75;2.64
220;2.64
220.25;2.68
220.5;2.6
220.75;2.64
221;2.68
221.25;2.68
221.5;2.6
221.75;2.64
222;2.68
222.25;2.72
222.5;2.6
222.75;2.64
223;2.68
223.25;2.72
223.5;2.6
223.75;2.68
224;2.68
224.25;2.72
224.5;2.64
224.75;2.68
225;2.68
225.25;2.72
225.5;2.64
225.75;2.68
226;2.68
226.25;2.72
226.5;2.64
226.75;2.68
227;2.68
227.25;2.76
227.5;2.64
227.75;2.72
228;2.68
228.25;2.76
228.5;2.68
228.75;2.72
229;2.72
229.25;2.76
229.5;2.68
229.75;2.68
230;2.72
230.25;2.76
230.5;2.68
230.75;2.72
231;2.72
231.25;2.76
231.5;2.68
231.75;2.72
232;2.72
232.25;2.76
232.5;2.68
232.75;2.76
233;2.72
233.25;2.8
233.5;2.68
233.75;2.72
234;2.72
234.25;2.8
234.5;2.72
234.75;2.76
235;2.76
235.25;2.8
235.5;2.72
235.75;2.76
236;2.72
236.25;2.8
236.5;2.72
236.75;2.76
237;2.76
237.25;2.8
237.5;2.72
237.75;2.76
238;2.76
238.25;2.84
238.5;2.72
238.75;2.8
239;2.8
239.25;2.84
239.5;2.72
239.75;2.8
240;2.8
240.25;2.84
240.5;2.76
240.75;2.8
241;2.8
241.25;2.84
241.5;2.76
241.75;2.8
242;2.8
242.25;2.84
242.5;2.76
242.75;2.8
243;2.8
243.25;2.84
243.5;2.76
243.75;2.84
244;2.84
244.25;2.88
244.5;2.76
244.75;2.84
245;2.84
245.25;2.88
245.5;2.8
245.75;2.8
246;2.84
246.25;2.88
246.5;2.8
246.75;2.84
247;2.84
247.25;2.88
247.5;2.8
247.75;2.88
248;2.84
248.25;2.88
248.5;2.8
248.75;2.88
249;2.84
249.25;2.88
249.5;2.8
249.75;2.88
250;2.84
250.25;2.92
250.5;2.8
250.75;2.84
251;2.84
251.25;2.92
251.5;2.84
251.75;2.88
252;2.88
252.25;2.92
252.5;2.84
252.75;2.92
253;2.88
253.25;2.92
253.5;2.84
253.75;2.92
254;2.88
254.25;2.96
254.5;2.84
254.75;2.88
255;2.92
255.25;2.96
255.5;2.84
255.75;2.92
256;2.92
256.25;2.96
256.5;2.88
256.75;2.92
257;2.92
257.25;2.96
257.5;2.88
257.75;2.92
258;2.92
258.25;2.96
258.5;2.88
258.75;2.92
259;2.92
259.25;2.96
259.5;2.88
259.75;2.96
260;2.96
260.25;2.96
260.5;2.88
260.75;2.96
261;2.92
261.25;3
261.5;2.88
261.75;2.92
262;2.92
262.25;3
262.5;2.92
262.75;2.96
263;2.96
263.25;3
263.5;2.92
263.75;2.96
264;2.92
264.25;3
264.5;2.92
264.75;2.96
265;2.96
265.25;3
265.5;2.92
265.75;3
266;2.96
266.25;3.04
266.5;2.92
266.75;2.96
267;2.96
267.25;3.04
267.5;2.96
267.75;3
268;3
268.25;3.04
268.5;2.96
268.75;3
269;3
269.25;3.04
269.5;2.96
269.75;3
270;3
270.25;3.04
270.5;2.96
270.75;3
271;3.04
271.25;3.04
271.5;2.96
271.75;3.04
272;3.04
272.25;3.08
272.5;3
272.75;3.04
273;3.04
273.25;3.08
273.5;3
273.75;3.04
274;3.04
274.25;3.08
274.5;3
274.75;3.04
275;3.04
275.25;3.08
275.5;3
275.75;3.04
276;3.04
276.25;3.08
276.5;3
276.75;3.08
277;3.08
277.25;3.12
277.5;3
277.75;3.08
278;3.08
278.25;3.12
278.5;3.04
278.75;3.08
279;3.04
279.25;3.12
279.5;3.04
279.75;3.08
280;3.08
280.25;3.12
280.5;3.04
280.75;3.08
281;3.08
281.25;3.16
281.5;3.04
281.75;3.12
282;3.12
282.25;3.16
282.5;3.04
282.75;3.08
283;3.12
283.25;3.16
283.5;3.08
283.75;3.08
284;3.08
284.25;3.16
284.5;3.08
284.75;3.12
285;3.12
285.25;3.16
285.5;3.08
285.75;3.12
286;3.12
286.25;3.16
286.5;3.08
286.75;3.16
287;3.12
287.25;3.16
287.5;3.08
287.75;3.12
288;3.12
288.25;3.2
288.5;3.08
288.75;3.16
289;3.16
289.25;3.2
289.5;3.12
289.75;3.12
290;3.16
290.25;3.2
290.5;3.12
290.75;3.16
291;3.16
291.25;3.2
291.5;3.12
291.75;3.16
292;3.16
292.25;3.2
292.5;3.12
292.75;3.2
293;3.16
293.25;3.24
293.5;3.12
293.75;3.2
294;3.2
294.25;3.24
294.5;3.12
294.75;3.2
295;3.2
295.25;3.24
295.5;3.16
295.75;3.2
296;3.16
296.25;3.24
296.5;3.16
296.75;3.16
297;3.2
297.25;3.24
297.5;3.16
297.75;3.24
298;3.2
298.25;3.24
298.5;3.16
298.75;3.2
299;3.2
299.25;3.28
299.5;3.16
299.75;3.24
300;3.24
300.25;3.28
300.5;3.16
300.75;3.24
301;3.2
301.25;3.28
301.5;3.2
301.75;3.24
302;3.24
302.25;3.28
302.5;3.2
302.75;3.24
303;3.24
303.25;3.28
303.5;3.2
303.75;3.24
304;3.28
304.25;3.32
304.5;3.2
304.75;3.24
305;3.24
305.25;3.32
305.5;3.2
305.75;3.24
306;3.24
306.25;3.32
306.5;3.24
306.75;3.28
307;3.28
307.25;3.32
307.5;3.24
307.75;3.28
308;3.28
308.25;3.32
308.5;3.24
308.75;3.28
309;3.28
309.25;3.32
309.5;3.24
309.75;3.28
310;3.32
310.25;3.32
310.5;3.24
310.75;3.32
311;3.32
311.25;3.36
311.5;3.28
311.75;3.32
312;3.32
312.25;3.36
312.5;3.28
312.75;3.32
313;3.32
313.25;3.36
313.5;3.28
313.75;3.32
314;3.32
314.25;3.36
314.5;3.28
314.75;3.32
315;3.32
315.25;3.36
315.5;3.28
315.75;3.32
316;3.36
316.25;3.4
316.5;3.28
316.75;3.36
317;3.32
317.25;3.4
317.5;3.32
317.75;3.32
318;3.36
318.25;3.4
318.5;3.32
318.75;3.36
319;3.36
319.25;3.4
319.5;3.32
319.75;3.36
320;3.36
320.25;3.4
320.5;3.32
320.75;3.4
321;3.36
321.25;3.44
321.5;3.32
321.75;3.36
322;3.4
322.25;3.44
322.5;3.32
322.75;3.36
323;3.4
323.25;3.44
323.5;3.36
323.75;3.4
324;3.4
324.25;3.44
324.5;3.36
324.75;3.4
325;3.4
325.25;3.44
325.5;3.36
325.75;3.4
326;3.4
326.25;3.44
326.5;3.36
326.75;3.4
327;3.44
327.25;3.48
327.5;3.36
327.75;3.44
328;3.4
328.25;3.48
328.5;3.4
328.75;3.44
329;3.4
329.25;3.48
329.5;3.4
329.75;3.44
330;3.44
330.25;3.48
330.5;3.4
330.75;3.44
331;3.44
331.25;3.48
331.5;3.4
331.75;3.44
332;3.44
332.25;3.48
332.5;3.4
332.75;3.44
333;3.48
333.25;3.52
333.5;3.4
333.75;3.44
334;3.44
334.25;3.52
334.5;3.44
334.75;3.48
335;3.48
335.25;3.52
335.5;3.44
335.75;3.48
336;3.48
336.25;3.52
336.5;3.44
336.75;3.48
337;3.48
337.25;3.52
337.5;3.44
337.75;3.48
338;3.48
338.25;3.52
338.5;3.44
338.75;3.48
339;3.48
339.25;3.56
339.5;3.48
339.75;3.52
340;3.52
340.25;3.56
340.5;3.48
340.75;3.48
341;3.52
341.25;3.56
341.5;3.48
341.75;3.52
342;3.52
342.25;3.56
342.5;3.48
342.75;3.52
343;3.52
343.25;3.56
343.5;3.48
343.75;3.52
344;3.56
344.25;3.6
344.5;3.52
344.75;3.52
345;3.52
345.25;3.6
345.5;3.52
345.75;3.56
346;3.56
346.25;3.6
346.5;3.52
346.75;3.56
347;3.56
347.25;3.6
347.5;3.52
347.75;3.6
348;3.56
348.25;3.6
348.5;3.52
348.75;3.56
349;3.6
349.25;3.64
349.5;3.52
349.75;3.56
350;3.6
350.25;3.64
350.5;3.56
350.75;3.6
351;3.6
351.25;3.64
351.5;3.56
351.75;3.6
352;3.6
352.25;3.64
352.5;3.56
352.75;3.6
353;3.6
353.25;3.64
353.5;3.56
353.75;3.6
354;3.6
354.25;3.64
354.5;3.56
354.75;3.6
355;3.6
355.25;3.68
355.5;3.56
355.75;3.64
356;3.64
356.25;3.68
356.5;3.6
356.75;3.64
357;3.64
357.25;3.68
357.5;3.6
357.75;3.64
358;3.64
358.25;3.68
358.5;3.6
358.75;3.64
359;3.64
359.25;3.72
359.5;3.6
359.75;3.64
360;3.64
360.25;3.72
360.5;3.6
360.75;3.68
361;3.68
361.25;3.72
361.5;3.64
361.75;3.64
362;3.68
362.25;3.72
362.5;3.64
362.75;3.68
363;3.64
363.25;3.72
363.5;3.64
363.75;3.72
364;3.68
364.25;3.72
364.5;3.64
364.75;3.72
365;3.68
365.25;3.72
365.5;3.64
365.75;3.68
366;3.68
366.25;3.76
366.5;3.64
366.75;3.72
367;3.72
367.25;3.76
367.5;3.64
367.75;3.72
368;3.72
368.25;3.76
368.5;3.68
368.75;3.72
369;3.72
369.25;3.76
369.5;3.68
369.75;3.72
370;3.72
370.25;3.76
370.5;3.68
370.75;3.72
371;3.72
371.25;3.8
371.5;3.68
371.75;3.72
372;3.76
372.25;3.8
372.5;3.72
372.75;3.76
373;3.72
373.25;3.8
373.5;3.72
373.75;3.76
374;3.76
374.25;3.8
374.5;3.72
374.75;3.76
375;3.76
375.25;3.8
375.5;3.72
375.75;3.76
376;3.76
376.25;3.84
376.5;3.72
376.75;3.76
377;3.76
377.25;3.84
377.5;3.72
377.75;3.76
378;3.76
378.25;3.84
378.5;3.76
378.75;3.8
379;3.8
379.25;3.84
379.5;3.76
379.75;3.8
380;3.8
380.25;3.84
380.5;3.76
380.75;3.8
381;3.8
381.25;3.84
381.5;3.76
381.75;3.84
382;3.84
382.25;3.84
382.5;3.76
382.75;3.8
383;3.8
383.25;3.88
383.5;3.8
383.75;3.8
384;3.84
384.25;3.88
384.5;3.8
384.75;3.84
385;3.84
385.25;3.88
385.5;3.8
385.75;3.84
386;3.88
386.25;3.88
386.5;3.8
386.75;3.84
387;3.84
387.25;3.92
387.5;3.8
387.75;3.84
388;3.84
388.25;3.92
388.5;3.8
388.75;3.88
389;3.84
389.25;3.92
389.5;3.8
389.75;3.88
390;3.88
390.25;3.92
390.5;3.84
390.75;3.88
391;3.88
391.25;3.92
391.5;3.84
391.75;3.88
392;3.88
392.25;3.96
392.5;3.84
392.75;3.92
393;3.92
393.25;3.92
393.5;3.84
393.75;3.92
394;3.92
394.25;3.96
394.5;3.84
394.75;3.88
395;3.88
395.25;3.96
395.5;3.84
395.75;3.92
396;3.92
396.25;3.96
396.5;3.88
396.75;3.92
397;3.92
397.25;3.96
397.5;3.88
397.75;3.92
398;3.92
398.25;3.96
398.5;3.88
398.75;3.96
399;3.96
399.25;4
399.5;3.88
399.75;3.96
400;3.96
400.25;4
400.5;3.88
400.75;3.96
401;3.96
401.25;4
401.5;3.92
401.75;3.92
402;3.96
402.25;4
402.5;3.92
402.75;4
403;4
403.25;4
403.5;3.92
403.75;3.96
404;3.96
404.25;4
404.5;3.92
404.75;3.96
405;3.96
405.25;4.04
405.5;3.92
405.75;3.96
406;3.96
406.25;4.04
406.5;3.96
406.75;4
407;3.96
407.25;4.04
407.5;3.96
407.75;4
408;4
408.25;4.08
408.5;3.96
408.75;4
409;4.04
409.25;4.04
409.5;3.96
409.75;4
410;4.04
410.25;4.08
410.5;3.96
410.75;4.04
411;4
411.25;4.08
411.5;3.96
411.75;4
412;4
412.25;4.08
412.5;4
412.75;4.04
413;4.08
413.25;4.08
413.5;4
413.75;4.04
414;4.04
414.25;4.08
414.5;4
414.75;4.04
415;4.04
415.25;4.12
415.5;4
415.75;4.04
416;4.04
416.25;4.12
416.5;4.04
416.75;4.04
417;4.04
417.25;4.12
417.5;4
417.75;4.08
418;4.08
418.25;4.12
418.5;4.04
418.75;4.08
419;4.08
419.25;4.12
419.5;4.04
419.75;4.12
420;4.08
420.25;4.16
420.5;4.04
420.75;4.08
421;4.12
421.25;4.16
421.5;4.04
421.75;4.12
422;4.12
422.25;4.16
422.5;4.04
422.75;4.12
423;4.12
423.25;4.16
423.5;4.08
423.75;4.12
424;4.12
424.25;4.16
424.5;4.08
424.75;4.16
425;4.12
425.25;4.16
425.5;4.08
425.75;4.12
426;4.16
426.25;4.16
426.5;4.08
426.75;4.16
427;4.16
427.25;4.2
427.5;4.08
427.75;4.16
428;4.12
428.25;4.2
428.5;4.12
428.75;4.16
429;4.16
429.25;4.2
429.5;4.12
429.75;4.16
430;4.16
430.25;4.2
430.5;4.12
430.75;4.16
431;4.16
431.25;4.2
431.5;4.12
431.75;4.16
432;4.2
432.25;4.24
432.5;4.12
432.75;4.16
433;4.2
433.25;4.24
433.5;4.16
433.75;4.16
434;4.2
434.25;4.24
434.5;4.16
434.75;4.2
435;4.2
435.25;4.24
435.5;4.16
435.75;4.2
436;4.2
436.25;4.24
436.5;4.16
436.75;4.2
437;4.2
437.25;4.24
437.5;4.16
437.75;4.24
438;4.2
438.25;4.28
438.5;4.16
438.75;4.24
439;4.24
439.25;4.28
439.5;4.2
439.75;4.24
440;4.24
440.25;4.28
440.5;4.2
440.75;4.24
441;4.24
441.25;4.28
441.5;4.2
441.75;4.24
442;4.24
442.25;4.28
442.5;4.2
442.75;4.24
443;4.24
443.25;4.32
443.5;4.2
443.75;4.28
444;4.28
444.25;4.32
444.5;4.2
444.75;4.24
445;4.28
445.25;4.32
445.5;4.24
445.75;4.28
446;4.28
446.25;4.32
446.5;4.24
446.75;4.28
447;4.28
447.25;4.32
447.5;4.24
447.75;4.28
448;4.32
448.25;4.32
448.5;4.24
448.75;4.28
449;4.32
449.25;4.32
449.5;4.24
449.75;4.28
450;4.28
450.25;4.36
450.5;4.28
450.75;4.32
451;4.28
451.25;4.36
451.5;4.28
451.75;4.32
452;4.32
452.25;4.36
452.5;4.28
452.75;4.32
453;4.32
453.25;4.36
453.5;4.28
453.75;4.32
454;4.36
454.25;4.4
454.5;4.28
454.75;4.32
455;4.36
455.25;4.4
455.5;4.28
455.75;4.32
456;4.36
456.25;4.4
456.5;4.32
456.75;4.36
457;4.36
457.25;4.4
457.5;4.32
457.75;4.36
458;4.36
458.25;4.4
458.5;4.32
458.75;4.36
459;4.36
459.25;4.4
459.5;4.32
459.75;4.36
460;4.36
460.25;4.44
460.5;4.32
460.75;4.4
461;4.36
461.25;4.44
461.5;4.32
461.75;4.4
462;4.4
462.25;4.44
462.5;4.36
462.75;4.4
463;4.4
463.25;4.44
463.5;4.36
463.75;4.4
464;4.4
464.25;4.44
464.5;4.36
464.75;4.44
465;4.4
465.25;4.44
465.5;4.36
465.75;4.44
466;4.44
466.25;4.48
466.5;4.36
466.75;4.4
467;4.4
467.25;4.48
467.5;4.4
467.75;4.44
468;4.44
468.25;4.48
468.5;4.4
468.75;4.44
469;4.44
469.25;4.48
469.5;4.4
469.75;4.44
470;4.44
470.25;4.52
470.5;4.4
470.75;4.48
471;4.48
471.25;4.52
471.5;4.4
471.75;4.48
472;4.48
472.25;4.52
472.5;4.44
472.75;4.48
473;4.48
473.25;4.52
473.5;4.44
473.75;4.48
474;4.48
474.25;4.52
474.5;4.44
474.75;4.48
475;4.48
475.25;4.52
475.5;4.44
475.75;4.52
476;4.48
476.25;4.52
476.5;4.44
476.75;4.48
477;4.48
477.25;4.56
477.5;4.44
477.75;4.48
478;4.52
478.25;4.56
478.5;4.48
478.75;4.52
479;4.52
479.25;4.56
479.5;4.48
479.75;4.52
480;4.52
480.25;4.56
480.5;4.48
480.75;4.52
481;4.52
481.25;4.56
481.5;4.48
481.75;4.56
482;4.52
482.25;4.6
482.5;4.48
482.75;4.52
483;4.56
483.25;4.6
483.5;4.52
483.75;4.52
484;4.56
484.25;4.6
484.5;4.52
484.75;4.56
485;4.56
485.25;4.6
485.5;4.52
485.75;4.56
486;4.56
486.25;4.6
486.5;4.52
486.75;4.56
487;4.56
487.25;4.6
487.5;4.52
487.75;4.6
488;4.56
488.25;4.64
488.5;4.52
488.75;4.56
489;4.56
489.25;4.64
489.5;4.56
489.75;4.6
490;4.6
490.25;4.64
490.5;4.56
490.75;4.6
491;4.6
491.25;4.64
491.5;4.56
491.75;4.6
492;4.6
492.25;4.64
492.5;4.56
492.75;4.6
493;4.6
493.25;4.68
493.5;4.56
493.75;4.6
494;4.64
494.25;4.68
494.5;4.56
494.75;4.6
495;4.6
495.25;4.68
495.5;4.6
495.75;4.64
496;4.6
496.25;4.68
496.5;4.6
496.75;4.64
497;4.64
497.25;4.68
497.5;4.6
497.75;4.64
498;4.64
498.25;4.68
498.5;4.6
498.75;4.68
499;4.68
499.25;4.72
499.5;4.6
499.75;4.68
500;4.68
500.25;4.72
500.5;4.64
500.75;4.68
501;4.68
501.25;4.72
501.5;4.64
501.75;4.68
502;4.68
502.25;4.72
502.5;4.64
502.75;4.68
503;4.68
503.25;4.72
503.5;4.64
503.75;4.72
504;4.68
504.25;4.72
504.5;4.64
504.75;4.68
505;4.72
505.25;4.76
505.5;4.68
505.75;4.68
506;4.68
506.25;4.76
506.5;4.68
506.75;4.72
507;4.72
507.25;4.76
507.5;4.68
507.75;4.72
508;4.72
508.25;4.76
508.5;4.68
508.75;4.72
509;4.72
509.25;4.76
509.5;4.68
509.75;4.72
510;4.76
510.25;4.8
510.5;4.68
510.75;4.72
511;4.72
511.25;4.8
511.5;4.68
511.75;4.76
512;4.76
512.25;4.8
512.5;4.72
512.75;4.76
513;4.76
513.25;4.8
513.5;4.72
513.75;4.76
514;4.76
514.25;4.8
514.5;4.72
514.75;4.8
515;4.8
515.25;4.84
515.5;4.72
515.75;4.76
516;4.8
516.25;4.84
516.5;4.76
516.75;4.8
517;4.8
517.25;4.84
517.5;4.76
517.75;4.8
518;4.8
518.25;4.84
518.5;4.76
518.75;4.8
519;4.8
519.25;4.84
519.5;4.76
519.75;4.8
520;4.8
520.25;4.84
520.5;4.76
520.75;4.8
521;4.84
521.25;4.88
521.5;4.76
521.75;4.84
522;4.8
522.25;4.88
522.5;4.76
522.75;4.84
523;4.8
523.25;4.88
523.5;4.8
523.75;4.84
524;4.84
524.25;4.88
524.5;4.8
524.75;4.84
525;4.84
525.25;4.88
525.5;4.8
525.75;4.84
526;4.84
526.25;4.88
526.5;4.8
526.75;4.84
527;4.84
527.25;4.92
527.5;4.8
527.75;4.84
528;4.88
528.25;4.92
528.5;4.8
528.75;4.88
529;4.88
529.25;4.92
529.5;4.84
529.75;4.88
530;4.88
530.25;4.92
530.5;4.84
530.75;4.92
531;4.88
531.25;4.92
531.5;4.84
531.75;4.88
532;4.88
532.25;4.92
532.5;4.84
532.75;4.92
533;4.88
533.25;4.96
533.5;4.84
533.75;4.92
534;4.92
534.25;4.96
534.5;4.84
534.75;4.92
535;4.92
535.25;4.96
535.5;4.88
535.75;4.92
536;4.92
536.25;4.96
536.5;4.88
536.75;4.96
537;4.96
537.25;5
537.5;4.88
537.75;4.92
538;4.92
538.25;5
538.5;4.88
538.75;4.96
539;4.96
539.25;5
539.5;4.92
539.75;4.96
540;4.92
540.25;5
540.5;4.92
540.75;4.96
541;4.96
541.25;5
541.5;4.92
541.75;4.96
542;4.96
542.25;5
542.5;4.92
542.75;5
543;4.96
543.25;5.04
543.5;4.92
543.75;4.96
544;4.96
544.25;5.04
544.5;4.92
544.75;5
545;4.96
545.25;5.04
545.5;4.92
545.75;5
546;4.96
546.25;5.04
546.5;4.92
546.75;5
547;5
547.25;5.04
547.5;4.96
547.75;5
548;5
548.25;5.08
548.5;4.96
548.75;5
549;5
549.25;5.08
549.5;4.96
549.75;5.04
550;5.04
550.25;5.08
550.5;4.96
550.75;5.04
551;5.04
551.25;5.08
551.5;5
551.75;5.04
552;5.08
552.25;5.08
552.5;5
552.75;5.04
553;5.08
553.25;5.08
553.5;5
553.75;5.04
554;5.04
554.25;5.08
554.5;5
554.75;5.08
555;5.08
555.25;5.12
555.5;5.04
555.75;5.08
556;5.08
556.25;5.12
556.5;5.04
556.75;5.08
557;5.08
557.25;5.12
557.5;5.04
557.75;5.12
558;5.08
558.25;5.12
558.5;5.04
558.75;5.08
559;5.08
559.25;5.12
559.5;5.04
559.75;5.12
560;5.08
560.25;5.16
560.5;5.04
560.75;5.12
561;5.12
561.25;5.16
561.5;5.04
561.75;5.08
562;5.12
562.25;5.16
562.5;5.08
562.75;5.08
563;5.12
563.25;5.16
563.5;5.08
563.75;5.16
564;5.12
564.25;5.16
564.5;5.08
564.75;5.12
565;5.12
565.25;5.16
565.5;5.08
565.75;5.16
566;5.16
566.25;5.2
566.5;5.08
566.75;5.16
567;5.16
567.25;5.2
567.5;5.12
567.75;5.16
568;5.16
568.25;5.2
568.5;5.12
568.75;5.16
569;5.16
569.25;5.2
569.5;5.12
569.75;5.16
570;5.16
570.25;5.2
570.5;5.12
570.75;5.16
571;5.16
571.25;5.24
571.5;5.12
571.75;5.2
572;5.2
572.25;5.24
572.5;5.12
572.75;5.2
573;5.16
573.25;5.24
573.5;5.16
573.75;5.2
574;5.2
574.25;5.24
574.5;5.16
574.75;5.2
575;5.2
575.25;5.24
575.5;5.16
575.75;5.2
576;5.2
576.25;5.28
576.5;5.16
576.75;5.2
577;5.24
577.25;5.28
577.5;5.16
577.75;5.24
578;5.2
578.25;5.28
578.5;5.16
578.75;5.2
579;5.2
579.25;5.28
579.5;5.16
579.75;5.2
580;5.24
580.25;5.28
580.5;5.16
580.75;5.2
581;5.24
581.25;5.24
581.5;5.16
581.75;5.2
582;5.24
582.25;5.28
582.5;5.2
582.75;5.2
583;5.2
583.25;5.28
583.5;5.16
583.75;5.24
584;5.24
584.25;5.28
584.5;5.16
584.75;5.2
585;5.24
585.25;5.28
585.5;5.16
585.75;5.2
586;5.2
586.25;5.24
586.5;5.16
586.75;5.24
587;5.2
587.25;5.28
587.5;5.16
587.75;5.2
588;5.24
588.25;5.28
588.5;5.16
588.75;5.2
589;5.2
589.25;5.28
589.5;5.16
589.75;5.24
590;5.24
590.25;5.28
590.5;5.2
590.75;5.2
591;5.24
591.25;5.28
591.5;5.16
591.75;5.2
592;5.24
592.25;5.28
592.5;5.16
592.75;5.24
593;5.2
593.25;5.28
593.5;5.16
593.75;5.2
594;5.2
594.25;8.8
594.5;-1.4
594.75;3.72
595;3.72
595.25;8.8
595.5;-1.4
595.75;3.52
596;3.36
596.25;8.8
596.5;-1.4
596.75;3.68
597;2.4
597.25;8.8
597.5;-1.4
597.75;3.68
598;3.36
598.25;8.8
598.5;-1.4
598.75;3.72
599;3.72
599.25;8.8
599.5;-1.4
599.75;3.72
600;3.72
600.25;8.8
600.5;-1.4
600.75;2.88
601;8.8
601.25;8.8
601.5;-1.4
601.75;3.68
602;3.68
602.25;8.8
602.5;-1.4
602.75;6.28
603;3.72
603.25;8.8
603.5;-1.4
603.75;3.76
604;6.28
604.25;8.8
604.5;-1.4
604.75;3.72
605;-1.4
605.25;8.8
605.5;-1.4
605.75;3.68
606;3.68
606.25;8.8
606.5;-1.4
606.75;3.52
607;3.68
607.25;8.8
607.5;-1.4
607.75;3.84
608;3.72
608.25;8.8
608.5;-1.4
608.75;3.72
609;3.72
609.25;8.8
609.5;-1.4
609.75;3.68
610;3.2
610.25;8.8
610.5;-1.4
610.75;3.68
611;3.04
611.25;8.8
611.5;-1.4
611.75;3.72
612;3.72
612.25;8.8
612.5;-1.4
612.75;3.72
613;3.72
613.25;8.8
613.5;-1.4
613.75;3.72
614;3.72
614.25;8.8
614.5;-1.4
614.75;2.4
615;3.68
615.25;8.8
615.5;-1.4
615.75;3.68
616;3.04
616.25;8.8
616.5;-1.4
616.75;3.72
617;6.28
617.25;8.8
617.5;-1.4
617.75;3.72
618;3.72
618.25;8.8
618.5;-1.4
618.75;3.68
619;3.68
619.25;8.8
619.5;-1.4
619.75;3.52
620;3.68
620.25;8.8
620.5;-1.4
620.75;3.76
621;3.72
621.25;8.8
621.5;-1.4
621.75;3.72
622;3.76
622.25;8.8
622.5;-1.4
622.75;3.72
623;3.72
623.25;8.8
623.5;-1.4
623.75;3.52
624;3.04
624.25;8.8
624.5;-1.4
624.75;3.04
625;3.68
625.25;8.8
625.5;-1.4
625.75;3.72
626;3.72
626.25;8.8
626.5;-1.4
626.75;3.72
627;6.28
627.25;8.8
627.5;-1.4
627.75;2.4
628;3.52
628.25;8.8
628.5;-1.4
628.75;3.68
629;3.68
629.25;8.8
629.5;-1.4
629.75;3.72
630;3.72
630.25;8.8
630.5;-1.4
630.75;-1.4
631;3.72
631.25;8.8
631.5;-1.4
631.75;3.72
632;3.72
632.25;8.8
632.5;-1.4
632.75;3.68
633;3.68
633.25;8.8
633.5;-1.4
633.75;3.68
634;3.36
634.25;8.8
634.5;-1.4
634.75;3.72
635;3.72
635.25;8.8
635.5;-1.4
635.75;3.76
636;3.72
636.25;8.8
636.5;-1.4
636.75;2.4
637;3.68
637.25;8.8
637.5;-1.4
637.75;3.68
638;3.68
638.25;8.8
638.5;-1.4
638.75;3.04
639;3.52
639.25;8.8
639.5;-1.4
639.75;3.72
640;3.72
640.25;8.8
640.5;-1.4
640.75;3.72
641;3.72
641.25;8.8
641.5;-1.4
641.75;3.68
642;3.68
642.25;8.8
642.5;-1.4
642.75;3.68
643;1.12
643.25;8.8
643.5;-1.4
643.75;3.72
644;3.72
644.25;8.8
644.5;-1.4
644.75;3.72
645;3.72
645.25;8.8
645.5;-1.4
645.75;3.68
646;3.68
646.25;8.8
646.5;-1.4
646.75;3.68
647;3.68
647.25;8.8
647.5;-1.4
647.75;3.68
648;3.68
648.25;8.8
648.5;-1.4
648.75;3.72
649;3.72
649.25;8.8
649.5;-1.4
649.75;6.32
650;3.72
650.25;8.8
650.5;-1.4
650.75;3.68
651;2.4
651.25;8.8
651.5;-1.4
651.75;3.68
652;3.68
652.25;8.8
652.5;-1.4
652.75;3.72
653;3.72
653.25;8.8
653.5;-1.4
653.75;3.72
654;3.72
654.25;8.8
654.5;-1.4
654.75;3.68
655;3.68
655.25;8.8
655.5;-1.4
655.75;3.68
656;3.68
656.25;8.8
656.5;-1.4
656.75;3.68
657;2.4
657.25;8.8
657.5;-1.4
657.75;3.72
658;3.72
658.25;8.8
658.5;-1.4
658.75;3.72
659;3.72
659.25;8.8
659.5;-1.4
659.75;3.68
660;2.4
660.25;8.8
660.5;-1.4
660.75;3.68
661;2.4
661.25;8.8
661.5;-1.4
661.75;3.72
662;3.72
662.25;8.8
662.5;-1.4
662.75;3.72
663;3.72
663.25;8.8
663.5;-1.4
663.75;3.68
664;2.4
664.25;8.8
664.5;-1.4
664.75;2.4
665;3.68
665.25;8.8
665.5;-1.4
665.75;3.68
666;3.68
666.25;8.8
666.5;-1.4
666.75;3.72
667;3.72
667.25;8.8
667.5;-1.4
667.75;3.8
668;3.72
668.25;8.8
668.5;-1.4
668.75;2.4
669;3.68
669.25;8.8
669.5;-1.4
669.75;3.68
670;3.68
670.25;8.8
670.5;-1.4
670.75;3.76
671;3.72
671.25;8.8
671.5;-1.4
671.75;3.72
672;3.72
672.25;8.8
672.5;-1.4
672.75;3.72
673;3.72
673.25;8.8
673.5;-1.4
673.75;3.68
674;3.68
674.25;8.8
674.5;-1.4
674.75;3.68
675;3.04
675.25;8.8
675.5;-1.4
675.75;-1.4
676;3.72
676.25;8.8
676.5;-1.4
676.75;3.8
677;3.72
677.25;8.8
677.5;-1.4
677.75;3.68
678;3.68
678.25;8.8
678.5;-1.4
678.75;3.68
679;3.68
679.25;8.8
679.5;-1.4
679.75;3.72
680;3.72
680.25;8.8
680.5;-1.4
680.75;3.8
681;3.72
681.25;8.8
681.5;-1.4
681.75;6.32
682;3.72
682.25;8.8
682.5;-1.4
682.75;2.24
683;3.68
683.25;8.8
683.5;-1.4
683.75;3.68
684;3.68
684.25;8.8
684.5;-1.4
684.75;3.72
685;6.28
685.25;8.8
685.5;-1.4
685.75;3.72
686;3.72
686.25;8.8
686.5;-1.4
686.75;3.68
687;8.8
687.25;8.8
687.5;-1.4
687.75;2.72
688;3.52
688.25;8.8
688.5;-1.4
688.75;3.72
689;3.72
689.25;8.8
689.5;-1.4
689.75;3.72
690;3.72
690.25;8.8
690.5;-1.4
690.75;3.72
691;3.72
691.25;8.8
691.5;-1.4
691.75;3.68
692;3.04
692.25;8.8
692.5;-1.4
692.75;3.68
693;3.68
693.25;8.8
693.5;-1.4
693.75;3.72
694;3.72
694.25;8.8
694.5;-1.4
694.75;6.28
695;3.72
695.25;8.8
695.5;-1.4
695.75;3.68
696;3.68
696.25;8.8
696.5;-1.4
696.75;3.68
697;3.68
697.25;8.8
697.5;-1.4
697.75;3.72
698;3.72
698.25;8.8
698.5;-1.4
698.75;3.72
699;6.28
699.25;8.8
699.5;-1.4
699.75;3.72
700;3.72
700.25;8.8
700.5;-1.4
700.75;3.68
701;2.4
701.25;8.8
701.5;-1.4
701.75;3.68
702;3.68
702.25;8.8
702.5;-1.4
702.75;3.8
703;3.72
703.25;8.8
703.5;-1.4
703.75;3.72
704;3.72
704.25;8.8
704.5;-1.4
704.75;3.68
705;3.04
705.25;8.8
705.5;-1.4
705.75;0.96
706;3.68
706.25;8.8
706.5;-1.4
706.75;3.68
707;3.36
707.25;8.8
707.5;-1.4
707.75;3.76
708;3.72
708.25;8.8
708.5;-1.4
708.75;3.72
709;3.72
709.25;8.8
709.5;-1.4
709.75;3.36
710;3.68
710.25;8.8
710.5;-1.4
710.75;3.68
711;3.68
711.25;8.8
711.5;-1.4
711.75;3.72
712;3.72
712.25;8.8
712.5;-1.4
712.75;3.72
713;3.72
713.25;8.8
713.5;-1.4
713.75;3.52
714;3.68
714.25;8.8
714.5;-1.4
714.75;3.68
715;3.68
715.25;8.8
715.5;-1.4
715.75;3.68
716;3.68
716.25;8.8
716.5;-1.4
716.75;3.72
717;3.72
717.25;8.8
717.5;-1.4
717.75;3.72
718;3.72
718.25;8.8
718.5;-1.4
718.75;3.52
719;2.4
719.25;8.8
719.5;-1.4
719.75;3.68
720;3.36
720.25;8.8
720.5;-1.4
720.75;3.72
721;3.72
721.25;8.8
721.5;-1.4
721.75;-1.4
722;3.72
722.25;8.8
722.5;-1.4
722.75;3.68
723;3.68
723.25;8.8
723.5;-1.4
723.75;0.96
724;3.68
724.25;8.8
724.5;-1.4
724.75;3.68
725;2.4
725.25;8.8
725.5;-1.4
725.75;6.28
726;3.72
726.25;8.8
726.5;-1.4
726.75;3.72
727;3.72
727.25;8.8
727.5;-1.4
727.75;3.68
728;3.68
728.25;8.8
728.5;-1.4
728.75;3.68
729;3.68
729.25;8.8
729.5;-1.4
729.75;-1.4
730;3.72
730.25;8.8
730.5;-1.4
730.75;3.72
731;3.72
731.25;8.8
731.5;-1.4
731.75;2.4
732;3.52
732.25;8.8
732.5;-1.4
732.75;3.68
733;3.52
733.25;8.8
733.5;-1.4
733.75;3.68
734;3.68
734.25;8.8
734.5;-1.4
734.75;3.72
735;-1.4
735.25;8.8
735.5;-1.4
735.75;3.76
736;3.72
736.25;8.8
736.5;-1.4
736.75;3.68
737;3.68
737.25;8.8
737.5;-1.4
737.75;3.68
738;3.52
738.25;8.8
738.5;-1.4
738.75;3.72
739;3.72
739.25;8.8
739.5;-1.4
739.75;3.72
740;3.72
740.25;8.8
740.5;-1.4
740.75;3.68
741;3.68
741.25;8.8
741.5;-1.4
741.75;3.36
742;3.68
742.25;8.8
742.5;-1.4
742.75;2.4
743;3.04
743.25;8.8
743.5;-1.4
743.75;6.28
744;3.72
744.25;8.8
744.5;-1.4
744.75;3.72
745;3.72
745.25;8.8
745.5;-1.4
745.75;3.36
746;3.68
746.25;8.8
746.5;-1.4
746.75;3.68
747;3.68
747.25;8.8
747.5;-1.4
747.75;3.72
748;3.72
748.25;8.8
748.5;-1.4
748.75;3.76
749;3.72
749.25;8.8
749.5;-1.4
749.75;3.72
750;3.76
750.25;8.8
750.5;-1.4
750.75;3.68
751;3.68
751.25;8.8
751.5;-1.4
751.75;3.52
752;3.68
752.25;8.8
752.5;-1.4
752.75;3.72
753;3.72
753.25;8.8
753.5;-1.4
753.75;6.28
754;3.72
754.25;8.8
754.5;-1.4
754.75;3.52
755;3.68
755.25;8.8
755.5;-1.4
755.75;3.68
756;3.36
756.25;8.8
756.5;-1.4
756.75;5
757;3.72
757.25;8.8
757.5;-1.4
757.75;6.28
758;3.72
758.25;8.8
758.5;-1.4
758.75;3.72
759;3.72
759.25;8.8
759.5;-1.4
759.75;3.68
